10 8
20 16
30 21
40 26
50 31
60 36
70 41
80 46
90 51
100 56
110 61
120 67
130 76
140 84
150 93
160 101
170 107
180 115
190 123
200 129
210 136
220 143
230 149
240 156
250 163
260 169
270 175
280 181
290 184
300 188
310 192
320 197
330 200
340 207
350 212
360 217
370 223
380 227
390 233
400 239
410 240
420 243
430 249
440 256
450 259
460 264
470 269
480 274
490 277
500 281
510 284
520 288
530 293
540 299
550 300
560 304
570 307
580 311
590 316
600 320
610 326
620 331
630 336
640 339
650 345
660 349
670 355
680 358
690 360
700 361
710 365
720 368
730 371
740 375
750 376
760 381
770 384
780 387
790 391
800 395
810 398
820 401
830 405
840 408
850 411
860 417
870 421
880 424
890 427
900 431
910 434
920 439
930 442
940 446
950 449
960 454
970 461
980 466
990 469
1000 474
1010 477
1020 480
1030 485
1040 490
1050 493
1060 497
1070 500
1080 506
1090 513
1100 517
1110 522
1120 528
1130 532
1140 534
1150 539
1160 544
1170 546
1180 547
1190 551
1200 553
1210 557
1220 561
1230 564
1240 567
1250 570
1260 576
1270 580
1280 581
1290 584
1300 588
1310 589
1320 590
1330 592
1340 596
1350 598
1360 601
1370 603
1380 605
1390 607
1400 612
1410 615
1420 620
1430 624
1440 627
1450 629
1460 631
1470 633
1480 633
1490 635
1500 639
1510 641
1520 643
1530 647
1540 648
1550 650
1560 653
1570 658
1580 661
1590 662
1600 665
1610 668
1620 671
1630 674
1640 674
1650 675
1660 675
1670 675
1680 675
1690 676
1700 677
1710 679
1720 679
1730 681
1740 681
1750 682
1760 684
1770 684
1780 685
1790 686
1800 689
1810 691
1820 692
1830 693
1840 695
1850 696
1860 697
1870 700
1880 703
1890 705
1900 709
1910 712
1920 713
1930 717
1940 721
1950 721
1960 723
1970 725
1980 727
1990 730
2000 732
2010 736
2020 738
2030 739
2040 741
2050 745
2060 747
2070 749
2080 750
2090 752
2100 754
2110 756
2120 757
2130 760
2140 763
2150 767
2160 768
2170 771
2180 773
2190 775
2200 775
2210 776
2220 778
2230 781
2240 782
2250 784
2260 785
2270 786
2280 787
2290 791
2300 791
2310 792
2320 794
2330 797
2340 799
2350 799
2360 801
2370 803
2380 804
2390 804
2400 805
2410 808
2420 810
2430 813
2440 815
2450 815
2460 815
2470 821
2480 821
2490 823
2500 826
2510 828
2520 828
2530 828
2540 829
2550 829
2560 830
2570 833
2580 836
2590 837
2600 839
2610 842
2620 846
2630 849
2640 854
2650 859
2660 861
2670 864
2680 865
2690 867
2700 869
2710 872
2720 872
2730 876
2740 878
2750 880
2760 884
2770 885
2780 889
2790 890
2800 891
2810 893
2820 895
2830 896
2840 898
2850 899
2860 901
2870 903
2880 905
2890 909
2900 911
2910 914
2920 917
2930 919
2940 922
2950 924
2960 925
2970 928
2980 928
2990 933
3000 935
3010 936
3020 937
3030 938
3040 940
3050 942
3060 944
3070 946
3080 950
3090 950
3100 954
3110 955
3120 957
3130 959
3140 961
3150 964
3160 965
3170 967
3180 969
3190 969
3200 969
3210 972
3220 974
3230 977
3240 981
3250 985
3260 987
3270 990
3280 992
3290 992
3300 994
3310 996
3320 999
3330 1000
3340 1002
3350 1004
3360 1006
3370 1008
3380 1009
3390 1011
3400 1013
3410 1013
3420 1014
3430 1016
3440 1020
3450 1024
3460 1027
3470 1029
3480 1031
3490 1035
3500 1035
3510 1038
3520 1042
3530 1045
3540 1047
3550 1048
3560 1052
3570 1057
3580 1060
3590 1062
3600 1063
3610 1064
3620 1065
3630 1065
3640 1065
3650 1066
3660 1067
3670 1069
3680 1070
3690 1071
3700 1073
3710 1073
3720 1074
3730 1075
3740 1077
3750 1078
3760 1080
3770 1082
3780 1085
3790 1086
3800 1087
3810 1089
3820 1091
3830 1093
3840 1093
3850 1093
3860 1094
3870 1095
3880 1097
3890 1098
3900 1099
3910 1099
3920 1103
3930 1103
3940 1104
3950 1108
3960 1110
3970 1113
3980 1113
3990 1116
4000 1119
4010 1120
4020 1120
4030 1122
4040 1123
4050 1124
4060 1125
4070 1128
4080 1132
4090 1138
4100 1140
4110 1140
4120 1141
4130 1145
4140 1145
4150 1145
4160 1145
4170 1146
4180 1148
4190 1152
4200 1155
4210 1157
4220 1159
4230 1161
4240 1164
4250 1166
4260 1167
4270 1169
4280 1172
4290 1174
4300 1176
4310 1176
4320 1177
4330 1180
4340 1182
4350 1182
4360 1184
4370 1186
4380 1187
4390 1187
4400 1188
4410 1188
4420 1189
4430 1190
4440 1191
4450 1191
4460 1193
4470 1193
4480 1193
4490 1196
4500 1196
4510 1200
4520 1202
4530 1203
4540 1203
4550 1204
4560 1206
4570 1207
4580 1210
4590 1214
4600 1216
4610 1217
4620 1218
4630 1220
4640 1221
4650 1221
4660 1223
4670 1225
4680 1227
4690 1228
4700 1229
4710 1232
4720 1232
4730 1233
4740 1236
4750 1237
4760 1240
4770 1243
4780 1248
4790 1250
4800 1253
4810 1255
4820 1256
4830 1256
4840 1258
4850 1260
4860 1261
4870 1262
4880 1264
4890 1268
4900 1271
4910 1273
4920 1274
4930 1276
4940 1278
4950 1281
4960 1282
4970 1285
4980 1288
4990 1288
5000 1288
5010 1290
5020 1292
5030 1293
5040 1294
5050 1295
5060 1296
5070 1298
5080 1300
5090 1302
5100 1303
5110 1304
5120 1305
5130 1305
5140 1307
5150 1309
5160 1310
5170 1312
5180 1312
5190 1313
5200 1313
5210 1314
5220 1314
5230 1314
5240 1316
5250 1319
5260 1319
5270 1320
5280 1324
5290 1324
5300 1324
5310 1326
5320 1327
5330 1333
5340 1334
5350 1338
5360 1338
5370 1339
5380 1342
5390 1344
5400 1347
5410 1348
5420 1348
5430 1349
5440 1350
5450 1350
5460 1353
5470 1354
5480 1354
5490 1356
5500 1358
5510 1358
5520 1361
5530 1363
5540 1363
5550 1365
5560 1366
5570 1367
5580 1367
5590 1369
5600 1372
5610 1374
5620 1376
5630 1378
5640 1379
5650 1379
5660 1379
5670 1382
5680 1385
5690 1386
5700 1387
5710 1388
5720 1388
5730 1388
5740 1391
5750 1395
5760 1397
5770 1398
5780 1401
5790 1402
5800 1403
5810 1406
5820 1408
5830 1411
5840 1413
5850 1420
5860 1422
5870 1428
5880 1433
5890 1438
5900 1443
5910 1445
5920 1446
5930 1448
5940 1449
5950 1450
5960 1452
5970 1454
5980 1454
5990 1457
6000 1458
6010 1458
6020 1461
6030 1463
6040 1463
6050 1465
6060 1465
6070 1467
6080 1469
6090 1471
6100 1471
6110 1472
6120 1474
6130 1475
6140 1475
6150 1479
6160 1479
6170 1481
6180 1482
6190 1483
6200 1483
6210 1483
6220 1486
6230 1486
6240 1489
6250 1491
6260 1493
6270 1493
6280 1493
6290 1494
6300 1497
6310 1497
6320 1498
6330 1499
6340 1501
6350 1501
6360 1502
6370 1504
6380 1508
6390 1511
6400 1512
6410 1514
6420 1514
6430 1515
6440 1516
6450 1516
6460 1517
6470 1518
6480 1520
6490 1520
6500 1523
6510 1525
6520 1526
6530 1528
6540 1530
6550 1530
6560 1531
6570 1534
6580 1535
6590 1536
6600 1537
6610 1538
6620 1538
6630 1539
6640 1541
6650 1542
6660 1542
6670 1542
6680 1545
6690 1546
6700 1548
6710 1548
6720 1548
6730 1551
6740 1553
6750 1555
6760 1558
6770 1559
6780 1561
6790 1563
6800 1564
6810 1567
6820 1568
6830 1569
6840 1569
6850 1571
6860 1573
6870 1579
6880 1580
6890 1581
6900 1583
6910 1585
6920 1585
6930 1587
6940 1589
6950 1589
6960 1590
6970 1592
6980 1593
6990 1595
7000 1596
7010 1596
7020 1598
7030 1598
7040 1598
7050 1599
7060 1600
7070 1601
7080 1603
7090 1603
7100 1603
7110 1604
7120 1606
7130 1610
7140 1611
7150 1614
7160 1615
7170 1616
7180 1616
7190 1617
7200 1617
7210 1621
7220 1622
7230 1622
7240 1622
7250 1625
7260 1626
7270 1626
7280 1627
7290 1631
7300 1632
7310 1633
7320 1637
7330 1639
7340 1643
7350 1647
7360 1647
7370 1649
7380 1651
7390 1652
7400 1654
7410 1654
7420 1655
7430 1657
7440 1658
7450 1660
7460 1662
7470 1663
7480 1665
7490 1667
7500 1670
7510 1670
7520 1672
7530 1673
7540 1674
7550 1676
7560 1678
7570 1682
7580 1684
7590 1685
7600 1686
7610 1687
7620 1689
7630 1689
7640 1690
7650 1690
7660 1690
7670 1690
7680 1690
7690 1692
7700 1693
7710 1695
7720 1696
7730 1698
7740 1699
7750 1700
7760 1703
7770 1704
7780 1706
7790 1708
7800 1708
7810 1710
7820 1714
7830 1715
7840 1715
7850 1716
7860 1718
7870 1721
7880 1723
7890 1724
7900 1724
7910 1724
7920 1725
7930 1727
7940 1727
7950 1728
7960 1728
7970 1728
7980 1729
7990 1730
8000 1731
8010 1734
8020 1735
8030 1736
8040 1738
8050 1738
8060 1739
8070 1739
8080 1740
8090 1742
8100 1746
8110 1749
8120 1753
8130 1755
8140 1757
8150 1761
8160 1762
8170 1763
8180 1763
8190 1764
8200 1768
8210 1768
8220 1768
8230 1770
8240 1771
8250 1771
8260 1771
8270 1772
8280 1774
8290 1774
8300 1775
8310 1777
8320 1779
8330 1779
8340 1780
8350 1782
8360 1785
8370 1786
8380 1787
8390 1788
8400 1789
8410 1789
8420 1789
8430 1790
8440 1792
8450 1793
8460 1795
8470 1795
8480 1796
8490 1796
8500 1798
8510 1800
8520 1801
8530 1802
8540 1805
8550 1806
8560 1807
8570 1807
8580 1812
8590 1813
8600 1816
8610 1821
8620 1823
8630 1824
8640 1826
8650 1828
8660 1830
8670 1835
8680 1836
8690 1836
8700 1836
8710 1838
8720 1839
8730 1842
8740 1844
8750 1845
8760 1849
8770 1849
8780 1850
8790 1853
8800 1857
8810 1858
8820 1860
8830 1861
8840 1863
8850 1864
8860 1865
8870 1865
8880 1866
8890 1868
8900 1869
8910 1871
8920 1874
8930 1876
8940 1877
8950 1877
8960 1879
8970 1881
8980 1881
8990 1883
9000 1884
9010 1885
9020 1886
9030 1889
9040 1891
9050 1893
9060 1894
9070 1896
9080 1896
9090 1898
9100 1899
9110 1901
9120 1904
9130 1904
9140 1904
9150 1909
9160 1911
9170 1912
9180 1913
9190 1913
9200 1914
9210 1915
9220 1915
9230 1917
9240 1918
9250 1921
9260 1923
9270 1924
9280 1925
9290 1929
9300 1930
9310 1931
9320 1932
9330 1932
9340 1932
9350 1933
9360 1934
9370 1935
9380 1936
9390 1936
9400 1937
9410 1938
9420 1939
9430 1940
9440 1940
9450 1940
9460 1941
9470 1941
9480 1942
9490 1945
9500 1947
9510 1948
9520 1949
9530 1949
9540 1951
9550 1951
9560 1952
9570 1954
9580 1955
9590 1958
9600 1962
9610 1964
9620 1966
9630 1967
9640 1968
9650 1968
9660 1969
9670 1970
9680 1971
9690 1971
9700 1973
9710 1973
9720 1975
9730 1977
9740 1978
9750 1979
9760 1981
9770 1986
9780 1988
9790 1991
9800 1991
9810 1992
9820 1992
9830 1994
9840 1996
9850 1997
9860 1998
9870 1999
9880 1999
9890 2000
9900 2001
9910 2003
9920 2005
9930 2005
9940 2007
9950 2008
9960 2008
9970 2010
9980 2013
9990 2016
10000 2016
10010 2016
10020 2017
10030 2018
10040 2020
10050 2020
10060 2021
10070 2024
10080 2025
10090 2025
10100 2026
10110 2026
10120 2027
10130 2028
10140 2030
10150 2031
10160 2031
10170 2033
10180 2034
10190 2035
10200 2036
10210 2036
10220 2037
10230 2037
10240 2038
10250 2039
10260 2039
10270 2039
10280 2041
10290 2041
10300 2042
10310 2042
10320 2043
10330 2044
10340 2045
10350 2045
10360 2047
10370 2048
10380 2049
10390 2050
10400 2051
10410 2054
10420 2057
10430 2057
10440 2057
10450 2059
10460 2061
10470 2062
10480 2062
10490 2064
10500 2065
10510 2065
10520 2066
10530 2067
10540 2068
10550 2068
10560 2070
10570 2071
10580 2071
10590 2072
10600 2073
10610 2074
10620 2076
10630 2080
10640 2081
10650 2082
10660 2083
10670 2083
10680 2084
10690 2084
10700 2085
10710 2086
10720 2087
10730 2088
10740 2089
10750 2089
10760 2091
10770 2091
10780 2092
10790 2095
10800 2095
10810 2095
10820 2095
10830 2097
10840 2097
10850 2104
10860 2104
10870 2104
10880 2105
10890 2109
10900 2111
10910 2111
10920 2111
10930 2111
10940 2112
10950 2112
10960 2113
10970 2115
10980 2115
10990 2117
11000 2117
11010 2118
11020 2121
11030 2122
11040 2124
11050 2126
11060 2129
11070 2132
11080 2133
11090 2133
11100 2134
11110 2134
11120 2135
11130 2136
11140 2136
11150 2137
11160 2138
11170 2139
11180 2141
11190 2142
11200 2143
11210 2145
11220 2145
11230 2147
11240 2148
11250 2150
11260 2154
11270 2157
11280 2157
11290 2157
11300 2157
11310 2159
11320 2159
11330 2160
11340 2162
11350 2162
11360 2164
11370 2164
11380 2165
11390 2166
11400 2167
11410 2167
11420 2168
11430 2168
11440 2168
11450 2168
11460 2169
11470 2169
11480 2171
11490 2172
11500 2173
11510 2174
11520 2174
11530 2174
11540 2174
11550 2175
11560 2175
11570 2176
11580 2176
11590 2176
11600 2176
11610 2176
11620 2177
11630 2178
11640 2178
11650 2178
11660 2178
11670 2179
11680 2179
11690 2180
11700 2180
11710 2180
11720 2180
11730 2181
11740 2181
11750 2182
11760 2182
11770 2184
11780 2184
11790 2184
11800 2184
11810 2185
11820 2186
11830 2187
11840 2188
11850 2188
11860 2189
11870 2189
11880 2189
11890 2192
11900 2193
11910 2195
11920 2195
11930 2196
11940 2198
11950 2198
11960 2199
11970 2199
11980 2200
11990 2201
12000 2202
12010 2204
12020 2204
12030 2207
12040 2208
12050 2210
12060 2210
12070 2210
12080 2212
12090 2212
12100 2212
12110 2212
12120 2213
12130 2214
12140 2214
12150 2216
12160 2216
12170 2216
12180 2216
12190 2218
12200 2219
12210 2220
12220 2222
12230 2222
12240 2223
12250 2225
12260 2227
12270 2228
12280 2228
12290 2229
12300 2229
12310 2230
12320 2230
12330 2230
12340 2231
12350 2231
12360 2232
12370 2232
12380 2234
12390 2234
12400 2234
12410 2236
12420 2236
12430 2238
12440 2239
12450 2240
12460 2241
12470 2242
12480 2242
12490 2244
12500 2244
12510 2244
12520 2245
12530 2245
12540 2245
12550 2247
12560 2249
12570 2250
12580 2251
12590 2251
12600 2251
12610 2251
12620 2251
12630 2252
12640 2252
12650 2252
12660 2252
12670 2252
12680 2252
12690 2252
12700 2254
12710 2255
12720 2257
12730 2257
12740 2259
12750 2259
12760 2259
12770 2261
12780 2263
12790 2265
12800 2266
12810 2270
12820 2273
12830 2275
12840 2276
12850 2277
12860 2277
12870 2277
12880 2277
12890 2277
12900 2277
12910 2277
12920 2278
12930 2281
12940 2281
12950 2282
12960 2282
12970 2283
12980 2283
12990 2284
13000 2284
13010 2286
13020 2287
13030 2288
13040 2289
13050 2290
13060 2291
13070 2292
13080 2293
13090 2293
13100 2294
13110 2296
13120 2298
13130 2299
13140 2299
13150 2299
13160 2301
13170 2302
13180 2303
13190 2303
13200 2303
13210 2305
13220 2305
13230 2306
13240 2308
13250 2308
13260 2310
13270 2310
13280 2312
13290 2313
13300 2313
13310 2316
13320 2316
13330 2317
13340 2318
13350 2318
13360 2319
13370 2319
13380 2319
13390 2319
13400 2320
13410 2321
13420 2322
13430 2323
13440 2324
13450 2324
13460 2324
13470 2324
13480 2324
13490 2324
13500 2324
13510 2325
13520 2325
13530 2325
13540 2325
13550 2327
13560 2329
13570 2330
13580 2330
13590 2330
13600 2330
13610 2330
13620 2330
13630 2330
13640 2331
13650 2331
13660 2331
13670 2331
13680 2332
13690 2333
13700 2333
13710 2333
13720 2333
13730 2334
13740 2335
13750 2336
13760 2336
13770 2336
13780 2336
13790 2337
13800 2337
13810 2338
13820 2338
13830 2338
13840 2338
13850 2338
13860 2339
13870 2339
13880 2341
13890 2341
13900 2341
13910 2341
13920 2341
13930 2341
13940 2341
13950 2342
13960 2342
13970 2342
13980 2346
13990 2347
14000 2348
14010 2349
14020 2350
14030 2350
14040 2350
14050 2350
14060 2352
14070 2352
14080 2353
14090 2353
14100 2353
14110 2353
14120 2354
14130 2355
14140 2355
14150 2357
14160 2357
14170 2357
14180 2357
14190 2358
14200 2358
14210 2358
14220 2359
14230 2360
14240 2362
14250 2363
14260 2363
14270 2363
14280 2363
14290 2363
14300 2364
14310 2364
14320 2364
14330 2364
14340 2365
14350 2365
14360 2365
14370 2365
14380 2366
14390 2366
14400 2366
14410 2368
14420 2369
14430 2371
14440 2371
14450 2371
14460 2371
14470 2371
14480 2371
14490 2371
14500 2371
14510 2372
14520 2373
14530 2374
14540 2374
14550 2374
14560 2374
14570 2374
14580 2375
14590 2375
14600 2375
14610 2375
14620 2375
14630 2375
14640 2375
14650 2375
14660 2377
14670 2377
14680 2378
14690 2378
14700 2378
14710 2380
14720 2381
14730 2383
14740 2383
14750 2383
14760 2383
14770 2384
14780 2386
14790 2386
14800 2387
14810 2389
14820 2390
14830 2390
14840 2391
14850 2391
14860 2393
14870 2393
14880 2393
14890 2395
14900 2397
14910 2397
14920 2397
14930 2398
14940 2399
14950 2399
14960 2401
14970 2401
14980 2401
14990 2401
15000 2401
15010 2401
15020 2402
15030 2404
15040 2405
15050 2405
15060 2405
15070 2406
15080 2407
15090 2407
15100 2407
15110 2409
15120 2409
15130 2409
15140 2409
15150 2409
15160 2409
15170 2409
15180 2413
15190 2413
15200 2415
15210 2415
15220 2416
15230 2416
15240 2417
15250 2417
15260 2417
15270 2417
15280 2417
15290 2417
15300 2417
15310 2417
15320 2417
15330 2417
15340 2418
15350 2420
15360 2420
15370 2420
15380 2420
15390 2420
15400 2422
15410 2422
15420 2423
15430 2423
15440 2425
15450 2426
15460 2426
15470 2427
15480 2428
15490 2430
15500 2431
15510 2432
15520 2432
15530 2434
15540 2437
15550 2437
15560 2438
15570 2439
15580 2439
15590 2440
15600 2440
15610 2440
15620 2441
15630 2441
15640 2441
15650 2441
15660 2442
15670 2442
15680 2442
15690 2443
15700 2443
15710 2443
15720 2444
15730 2444
15740 2446
15750 2446
15760 2446
15770 2446
15780 2446
15790 2447
15800 2447
15810 2447
15820 2447
15830 2447
15840 2447
15850 2447
15860 2447
15870 2449
15880 2449
15890 2450
15900 2450
15910 2450
15920 2451
15930 2452
15940 2453
15950 2454
15960 2454
15970 2456
15980 2457
15990 2458
16000 2458
16010 2459
16020 2459
16030 2459
16040 2460
16050 2461
16060 2463
16070 2463
16080 2463
16090 2463
16100 2463
16110 2463
16120 2463
16130 2463
16140 2463
16150 2463
16160 2463
16170 2463
16180 2463
16190 2463
16200 2463
16210 2463
16220 2464
16230 2464
16240 2465
16250 2467
16260 2467
16270 2467
16280 2467
16290 2469
16300 2470
16310 2470
16320 2471
16330 2473
16340 2473
16350 2473
16360 2474
16370 2474
16380 2474
16390 2474
16400 2476
16410 2476
16420 2478
16430 2479
16440 2479
16450 2480
16460 2480
16470 2480
16480 2480
16490 2480
16500 2481
16510 2482
16520 2482
16530 2482
16540 2482
16550 2482
16560 2482
16570 2482
16580 2482
16590 2483
16600 2483
16610 2483
16620 2485
16630 2485
16640 2485
16650 2485
16660 2485
16670 2485
16680 2486
16690 2486
16700 2487
16710 2487
16720 2487
16730 2487
16740 2489
16750 2490
16760 2493
16770 2493
16780 2494
16790 2496
16800 2496
16810 2497
16820 2497
16830 2498
16840 2499
16850 2499
16860 2499
16870 2500
16880 2502
16890 2502
16900 2502
16910 2502
16920 2503
16930 2503
16940 2504
16950 2505
16960 2505
16970 2506
16980 2506
16990 2506
17000 2506
17010 2507
17020 2508
17030 2508
17040 2509
17050 2509
17060 2509
17070 2510
17080 2510
17090 2510
17100 2511
17110 2511
17120 2511
17130 2511
17140 2511
17150 2511
17160 2513
17170 2513
17180 2513
17190 2514
17200 2516
17210 2518
17220 2518
17230 2518
17240 2519
17250 2519
17260 2520
17270 2520
17280 2520
17290 2522
17300 2523
17310 2523
17320 2524
17330 2524
17340 2524
17350 2525
17360 2525
17370 2527
17380 2530
17390 2530
17400 2531
17410 2532
17420 2532
17430 2533
17440 2533
17450 2534
17460 2535
17470 2535
17480 2537
17490 2537
17500 2539
17510 2539
17520 2539
17530 2540
17540 2540
17550 2540
17560 2541
17570 2542
17580 2542
17590 2543
17600 2544
17610 2545
17620 2545
17630 2546
17640 2547
17650 2547
17660 2549
17670 2549
17680 2551
17690 2553
17700 2554
17710 2556
17720 2556
17730 2557
17740 2557
17750 2557
17760 2558
17770 2559
17780 2560
17790 2561
17800 2563
17810 2563
17820 2563
17830 2563
17840 2565
17850 2566
17860 2568
17870 2568
17880 2568
17890 2568
17900 2569
17910 2569
17920 2570
17930 2570
17940 2570
17950 2570
17960 2571
17970 2571
17980 2571
17990 2571
18000 2571
18010 2571
18020 2571
18030 2572
18040 2572
18050 2574
18060 2575
18070 2576
18080 2576
18090 2577
18100 2578
18110 2579
18120 2580
18130 2580
18140 2581
18150 2581
18160 2584
18170 2584
18180 2585
18190 2585
18200 2585
18210 2585
18220 2585
18230 2586
18240 2588
18250 2589
18260 2591
18270 2591
18280 2593
18290 2593
18300 2594
18310 2594
18320 2594
18330 2594
18340 2594
18350 2594
18360 2595
18370 2595
18380 2596
18390 2596
18400 2596
18410 2596
18420 2596
18430 2597
18440 2599
18450 2599
18460 2600
18470 2600
18480 2601
18490 2601
18500 2602
18510 2602
18520 2603
18530 2604
18540 2604
18550 2604
18560 2604
18570 2606
18580 2606
18590 2606
18600 2606
18610 2606
18620 2606
18630 2606
18640 2607
18650 2608
18660 2608
18670 2608
18680 2608
18690 2608
18700 2609
18710 2609
18720 2609
18730 2610
18740 2611
18750 2611
18760 2612
18770 2613
18780 2615
18790 2616
18800 2616
18810 2617
18820 2617
18830 2618
18840 2618
18850 2619
18860 2620
18870 2621
18880 2621
18890 2621
18900 2621
18910 2621
18920 2622
18930 2622
18940 2622
18950 2623
18960 2623
18970 2623
18980 2623
18990 2624
19000 2626
19010 2627
19020 2628
19030 2629
19040 2629
19050 2629
19060 2630
19070 2630
19080 2630
19090 2630
19100 2630
19110 2630
19120 2631
19130 2632
19140 2632
19150 2633
19160 2635
19170 2635
19180 2636
19190 2636
19200 2639
19210 2639
19220 2639
19230 2639
19240 2640
19250 2641
19260 2641
19270 2641
19280 2642
19290 2642
19300 2642
19310 2642
19320 2642
19330 2643
19340 2643
19350 2643
19360 2644
19370 2645
19380 2646
19390 2646
19400 2646
19410 2646
19420 2646
19430 2647
19440 2647
19450 2649
19460 2649
19470 2649
19480 2651
19490 2651
19500 2653
19510 2655
19520 2655
19530 2655
19540 2655
19550 2655
19560 2655
19570 2657
19580 2657
19590 2663
19600 2664
19610 2664
19620 2665
19630 2665
19640 2667
19650 2667
19660 2668
19670 2668
19680 2668
19690 2669
19700 2669
19710 2671
19720 2673
19730 2675
19740 2675
19750 2677
19760 2678
19770 2679
19780 2679
19790 2680
19800 2681
19810 2681
19820 2681
19830 2682
19840 2682
19850 2682
19860 2682
19870 2682
19880 2682
19890 2683
19900 2684
19910 2686
19920 2686
19930 2689
19940 2690
19950 2691
19960 2691
19970 2693
19980 2693
19990 2693
20000 2694
20010 2694
20020 2696
20030 2697
20040 2697
20050 2697
20060 2697
20070 2697
20080 2698
20090 2699
20100 2700
20110 2700
20120 2701
20130 2702
20140 2703
20150 2703
20160 2703
20170 2703
20180 2703
20190 2703
20200 2703
20210 2703
20220 2703
20230 2703
20240 2703
20250 2704
20260 2705
20270 2705
20280 2705
20290 2705
20300 2705
20310 2706
20320 2707
20330 2707
20340 2708
20350 2709
20360 2710
20370 2710
20380 2710
20390 2710
20400 2710
20410 2711
20420 2711
20430 2711
20440 2712
20450 2713
20460 2713
20470 2713
20480 2713
20490 2716
20500 2721
20510 2722
20520 2722
20530 2725
20540 2726
20550 2728
20560 2730
20570 2734
20580 2734
20590 2734
20600 2734
20610 2734
20620 2736
20630 2737
20640 2739
20650 2740
20660 2742
20670 2742
20680 2745
20690 2745
20700 2746
20710 2746
20720 2746
20730 2748
20740 2750
20750 2751
20760 2755
20770 2761
20780 2765
20790 2765
20800 2766
20810 2766
20820 2766
20830 2770
20840 2771
20850 2771
20860 2772
20870 2773
20880 2774
20890 2776
20900 2778
20910 2778
20920 2779
20930 2781
20940 2782
20950 2783
20960 2783
20970 2785
20980 2785
20990 2786
21000 2787
21010 2788
21020 2788
21030 2789
21040 2790
21050 2790
21060 2790
21070 2791
21080 2791
21090 2793
21100 2793
21110 2794
21120 2796
21130 2797
21140 2797
21150 2798
21160 2798
21170 2798
21180 2800
21190 2801
21200 2801
21210 2801
21220 2802
21230 2803
21240 2803
21250 2803
21260 2803
21270 2803
21280 2803
21290 2804
21300 2804
21310 2805
21320 2805
21330 2805
21340 2805
21350 2805
21360 2806
21370 2808
21380 2808
21390 2810
21400 2811
21410 2812
21420 2812
21430 2813
21440 2813
21450 2814
21460 2814
21470 2814
21480 2814
21490 2814
21500 2814
21510 2815
21520 2816
21530 2816
21540 2817
21550 2818
21560 2820
21570 2821
21580 2822
21590 2825
21600 2825
21610 2826
21620 2827
21630 2828
21640 2828
21650 2829
21660 2829
21670 2829
21680 2829
21690 2829
21700 2829
21710 2830
21720 2830
21730 2830
21740 2831
21750 2831
21760 2831
21770 2832
21780 2834
21790 2834
21800 2835
21810 2836
21820 2838
21830 2839
21840 2841
21850 2842
21860 2842
21870 2844
21880 2847
21890 2848
21900 2849
21910 2849
21920 2850
21930 2852
21940 2853
21950 2853
21960 2853
21970 2853
21980 2853
21990 2854
22000 2855
22010 2856
22020 2858
22030 2858
22040 2859
22050 2860
22060 2860
22070 2860
22080 2861
22090 2861
22100 2862
22110 2863
22120 2864
22130 2866
22140 2866
22150 2866
22160 2867
22170 2867
22180 2867
22190 2869
22200 2869
22210 2869
22220 2869
22230 2869
22240 2869
22250 2869
22260 2871
22270 2871
22280 2871
22290 2872
22300 2872
22310 2874
22320 2875
22330 2875
22340 2875
22350 2875
22360 2875
22370 2876
22380 2876
22390 2876
22400 2876
22410 2877
22420 2880
22430 2881
22440 2881
22450 2881
22460 2882
22470 2884
22480 2884
22490 2884
22500 2884
22510 2884
22520 2884
22530 2885
22540 2885
22550 2885
22560 2885
22570 2885
22580 2885
22590 2885
22600 2885
22610 2885
22620 2885
22630 2885
22640 2885
22650 2885
22660 2885
22670 2885
22680 2886
22690 2886
22700 2887
22710 2887
22720 2887
22730 2887
22740 2888
22750 2890
22760 2891
22770 2892
22780 2893
22790 2893
22800 2893
22810 2893
22820 2893
22830 2893
22840 2893
22850 2893
22860 2893
22870 2893
22880 2893
22890 2893
22900 2894
22910 2894
22920 2894
22930 2895
22940 2895
22950 2895
22960 2895
22970 2895
22980 2895
22990 2895
23000 2897
23010 2897
23020 2897
23030 2897
23040 2898
23050 2899
23060 2899
23070 2899
23080 2900
23090 2901
23100 2901
23110 2901
23120 2901
23130 2901
23140 2901
23150 2901
23160 2901
23170 2901
23180 2901
23190 2901
23200 2901
23210 2902
23220 2904
23230 2905
23240 2905
23250 2907
23260 2907
23270 2907
23280 2908
23290 2908
23300 2908
23310 2908
23320 2908
23330 2908
23340 2908
23350 2908
23360 2908
23370 2908
23380 2908
23390 2908
23400 2908
23410 2908
23420 2909
23430 2909
23440 2910
23450 2910
23460 2910
23470 2910
23480 2911
23490 2911
23500 2911
23510 2912
23520 2912
23530 2912
23540 2912
23550 2912
23560 2912
23570 2914
23580 2915
23590 2915
23600 2915
23610 2915
23620 2915
23630 2915
23640 2915
23650 2916
23660 2917
23670 2918
23680 2919
23690 2919
23700 2920
23710 2920
23720 2921
23730 2922
23740 2922
23750 2922
23760 2922
23770 2923
23780 2923
23790 2924
23800 2924
23810 2924
23820 2924
23830 2924
23840 2924
23850 2925
23860 2925
23870 2925
23880 2925
23890 2925
23900 2926
23910 2926
23920 2927
23930 2927
23940 2928
23950 2928
23960 2929
23970 2929
23980 2930
23990 2930
24000 2930
24010 2931
24020 2932
24030 2933
24040 2934
24050 2934
24060 2935
24070 2937
24080 2938
24090 2939
24100 2941
24110 2941
24120 2942
24130 2944
24140 2944
24150 2944
24160 2945
24170 2945
24180 2945
24190 2945
24200 2946
24210 2946
24220 2947
24230 2948
24240 2948
24250 2948
24260 2948
24270 2950
24280 2950
24290 2950
24300 2952
24310 2952
24320 2952
24330 2953
24340 2953
24350 2953
24360 2953
24370 2955
24380 2955
24390 2955
24400 2955
24410 2955
24420 2955
24430 2955
24440 2955
24450 2955
24460 2955
24470 2956
24480 2956
24490 2956
24500 2957
24510 2957
24520 2958
24530 2959
24540 2960
24550 2960
24560 2961
24570 2961
24580 2962
24590 2962
24600 2963
24610 2963
24620 2963
24630 2963
24640 2964
24650 2964
24660 2964
24670 2964
24680 2964
24690 2964
24700 2964
24710 2965
24720 2968
24730 2968
24740 2969
24750 2969
24760 2969
24770 2969
24780 2969
24790 2969
24800 2969
24810 2969
24820 2969
24830 2969
24840 2969
24850 2969
24860 2969
24870 2969
24880 2969
24890 2969
24900 2969
24910 2969
24920 2969
24930 2969
24940 2969
24950 2969
24960 2969
24970 2970
24980 2971
24990 2971
25000 2971
25010 2971
25020 2971
25030 2971
25040 2971
25050 2971
25060 2971
25070 2971
25080 2971
25090 2971
25100 2971
25110 2971
25120 2971
25130 2971
25140 2971
25150 2971
25160 2971
25170 2971
25180 2971
25190 2971
25200 2971
25210 2971
25220 2972
25230 2972
25240 2972
25250 2973
25260 2973
25270 2973
25280 2975
25290 2975
25300 2976
25310 2976
25320 2976
25330 2977
25340 2977
25350 2977
25360 2977
25370 2977
25380 2977
25390 2977
25400 2977
25410 2977
25420 2978
25430 2978
25440 2980
25450 2981
25460 2981
25470 2983
25480 2983
25490 2984
25500 2984
25510 2985
25520 2985
25530 2986
25540 2987
25550 2987
25560 2987
25570 2987
25580 2989
25590 2989
25600 2989
25610 2990
25620 2990
25630 2990
25640 2990
25650 2990
25660 2990
25670 2992
25680 2992
25690 2992
25700 2993
25710 2993
25720 2994
25730 2994
25740 2996
25750 2996
25760 2996
25770 2996
25780 2998
25790 2999
25800 2999
25810 3000
25820 3000
25830 3002
25840 3003
25850 3003
25860 3004
25870 3005
25880 3006
25890 3008
25900 3011
25910 3013
25920 3013
25930 3016
25940 3018
25950 3023
25960 3025
25970 3025
25980 3025
25990 3026
26000 3028
26010 3030
26020 3032
26030 3032
26040 3032
26050 3033
26060 3035
26070 3038
26080 3038
26090 3040
26100 3043
26110 3046
26120 3050
26130 3050
26140 3052
26150 3054
26160 3056
26170 3060
26180 3060
26190 3060
26200 3063
26210 3064
26220 3064
26230 3064
26240 3065
26250 3065
26260 3066
26270 3066
26280 3067
26290 3068
26300 3068
26310 3068
26320 3068
26330 3068
26340 3069
26350 3069
26360 3069
26370 3071
26380 3071
26390 3071
26400 3071
26410 3072
26420 3072
26430 3072
26440 3072
26450 3072
26460 3072
26470 3072
26480 3072
26490 3072
26500 3072
26510 3072
26520 3073
26530 3073
26540 3073
26550 3074
26560 3075
26570 3075
26580 3075
26590 3076
26600 3077
26610 3077
26620 3077
26630 3077
26640 3077
26650 3078
26660 3079
26670 3080
26680 3082
26690 3083
26700 3084
26710 3084
26720 3084
26730 3084
26740 3084
26750 3084
26760 3086
26770 3086
26780 3086
26790 3087
26800 3087
26810 3090
26820 3090
26830 3090
26840 3092
26850 3093
26860 3093
26870 3093
26880 3094
26890 3094
26900 3094
26910 3094
26920 3094
26930 3094
26940 3094
26950 3094
26960 3094
26970 3094
26980 3094
26990 3095
27000 3095
27010 3096
27020 3096
27030 3097
27040 3097
27050 3100
27060 3100
27070 3101
27080 3102
27090 3105
27100 3106
27110 3106
27120 3108
27130 3109
27140 3110
27150 3110
27160 3111
27170 3111
27180 3111
27190 3111
27200 3111
27210 3113
27220 3113
27230 3113
27240 3113
27250 3113
27260 3113
27270 3113
27280 3114
27290 3114
27300 3114
27310 3115
27320 3115
27330 3115
27340 3117
27350 3117
27360 3118
27370 3118
27380 3118
27390 3118
27400 3118
27410 3119
27420 3120
27430 3121
27440 3123
27450 3123
27460 3123
27470 3123
27480 3125
27490 3127
27500 3128
27510 3129
27520 3130
27530 3131
27540 3131
27550 3132
27560 3132
27570 3132
27580 3132
27590 3132
27600 3133
27610 3133
27620 3133
27630 3133
27640 3133
27650 3133
27660 3133
27670 3133
27680 3133
27690 3134
27700 3134
27710 3134
27720 3134
27730 3134
27740 3135
27750 3135
27760 3135
27770 3135
27780 3135
27790 3135
27800 3135
27810 3135
27820 3135
27830 3135
27840 3135
27850 3135
27860 3137
27870 3137
27880 3138
27890 3138
27900 3138
27910 3138
27920 3138
27930 3139
27940 3140
27950 3143
27960 3144
27970 3144
27980 3144
27990 3145
28000 3145
28010 3145
28020 3146
28030 3146
28040 3146
28050 3146
28060 3146
28070 3146
28080 3146
28090 3146
28100 3147
28110 3147
28120 3147
28130 3147
28140 3147
28150 3148
28160 3149
28170 3149
28180 3149
28190 3150
28200 3150
28210 3150
28220 3151
28230 3151
28240 3151
28250 3151
28260 3151
28270 3151
28280 3151
28290 3153
28300 3153
28310 3154
28320 3154
28330 3154
28340 3154
28350 3154
28360 3155
28370 3155
28380 3156
28390 3156
28400 3156
28410 3156
28420 3156
28430 3156
28440 3157
28450 3157
28460 3157
28470 3157
28480 3157
28490 3157
28500 3157
28510 3157
28520 3157
28530 3158
28540 3158
28550 3159
28560 3159
28570 3159
28580 3159
28590 3160
28600 3160
28610 3160
28620 3160
28630 3160
28640 3161
28650 3161
28660 3161
28670 3161
28680 3161
28690 3161
28700 3161
28710 3161
28720 3161
28730 3161
28740 3161
28750 3161
28760 3161
28770 3161
28780 3161
28790 3161
28800 3161
28810 3161
28820 3161
28830 3162
28840 3164
28850 3165
28860 3165
28870 3166
28880 3168
28890 3169
28900 3169
28910 3169
28920 3171
28930 3172
28940 3172
28950 3172
28960 3173
28970 3173
28980 3173
28990 3174
29000 3174
29010 3174
29020 3174
29030 3175
29040 3175
29050 3176
29060 3176
29070 3176
29080 3176
29090 3176
29100 3177
29110 3177
29120 3177
29130 3177
29140 3177
29150 3177
29160 3177
29170 3177
29180 3177
29190 3177
29200 3177
29210 3178
29220 3178
29230 3180
29240 3180
29250 3180
29260 3180
29270 3182
29280 3183
29290 3183
29300 3184
29310 3185
29320 3185
29330 3185
29340 3185
29350 3185
29360 3185
29370 3185
29380 3185
29390 3185
29400 3185
29410 3185
29420 3185
29430 3185
29440 3185
29450 3186
29460 3187
29470 3187
29480 3187
29490 3188
29500 3189
29510 3189
29520 3189
29530 3191
29540 3193
29550 3194
29560 3195
29570 3195
29580 3196
29590 3196
29600 3196
29610 3196
29620 3196
29630 3198
29640 3198
29650 3199
29660 3200
29670 3201
29680 3203
29690 3204
29700 3206
29710 3206
29720 3206
29730 3206
29740 3207
29750 3207
29760 3208
29770 3208
29780 3209
29790 3209
29800 3210
29810 3210
29820 3210
29830 3211
29840 3211
29850 3212
29860 3212
29870 3214
29880 3214
29890 3214
29900 3215
29910 3215
29920 3216
29930 3216
29940 3219
29950 3219
29960 3219
29970 3219
29980 3220
29990 3221
30000 3221
30010 3223
30020 3224
30030 3224
30040 3224
30050 3224
30060 3224
30070 3226
30080 3227
30090 3227
30100 3227
30110 3227
30120 3227
30130 3227
30140 3227
30150 3227
30160 3228
30170 3228
30180 3228
30190 3228
30200 3229
30210 3230
30220 3230
30230 3230
30240 3231
30250 3231
30260 3231
30270 3231
30280 3233
30290 3233
30300 3234
30310 3234
30320 3236
30330 3236
30340 3236
30350 3236
30360 3236
30370 3236
30380 3236
30390 3236
30400 3238
30410 3238
30420 3238
30430 3238
30440 3239
30450 3240
30460 3240
30470 3242
30480 3242
30490 3242
30500 3242
30510 3244
30520 3244
30530 3245
30540 3247
30550 3247
30560 3248
30570 3248
30580 3249
30590 3250
30600 3252
30610 3252
30620 3253
30630 3253
30640 3253
30650 3255
30660 3256
30670 3256
30680 3256
30690 3256
30700 3256
30710 3257
30720 3257
30730 3258
30740 3260
30750 3260
30760 3260
30770 3260
30780 3262
30790 3263
30800 3266
30810 3266
30820 3266
30830 3266
30840 3267
30850 3267
30860 3267
30870 3267
30880 3268
30890 3268
30900 3268
30910 3268
30920 3269
30930 3271
30940 3271
30950 3271
30960 3271
30970 3271
30980 3272
30990 3272
31000 3272
31010 3272
31020 3274
31030 3276
31040 3276
31050 3276
31060 3278
31070 3278
31080 3279
31090 3280
31100 3282
31110 3282
31120 3283
31130 3283
31140 3283
31150 3284
31160 3284
31170 3284
31180 3285
31190 3285
31200 3285
31210 3285
31220 3285
31230 3285
31240 3285
31250 3285
31260 3285
31270 3286
31280 3286
31290 3286
31300 3286
31310 3286
31320 3286
31330 3286
31340 3286
31350 3287
31360 3287
31370 3287
31380 3287
31390 3287
31400 3287
31410 3287
31420 3289
31430 3289
31440 3289
31450 3289
31460 3289
31470 3289
31480 3289
31490 3290
31500 3291
31510 3292
31520 3292
31530 3292
31540 3292
31550 3292
31560 3292
31570 3292
31580 3293
31590 3293
31600 3293
31610 3295
31620 3295
31630 3296
31640 3296
31650 3296
31660 3296
31670 3298
31680 3298
31690 3299
31700 3300
31710 3300
31720 3301
31730 3302
31740 3302
31750 3302
31760 3303
31770 3303
31780 3303
31790 3303
31800 3303
31810 3305
31820 3305
31830 3305
31840 3306
31850 3307
31860 3308
31870 3308
31880 3311
31890 3311
31900 3311
31910 3311
31920 3312
31930 3312
31940 3312
31950 3312
31960 3312
31970 3313
31980 3313
31990 3313
32000 3313
32010 3313
32020 3313
32030 3313
32040 3313
32050 3314
32060 3315
32070 3316
32080 3316
32090 3316
32100 3317
32110 3317
32120 3317
32130 3318
32140 3318
32150 3318
32160 3318
32170 3318
32180 3319
32190 3319
32200 3319
32210 3320
32220 3322
32230 3322
32240 3323
32250 3323
32260 3323
32270 3324
32280 3325
32290 3325
32300 3326
32310 3327
32320 3327
32330 3327
32340 3327
32350 3328
32360 3329
32370 3329
32380 3329
32390 3329
32400 3329
32410 3330
32420 3331
32430 3331
32440 3331
32450 3331
32460 3331
32470 3333
32480 3334
32490 3334
32500 3335
32510 3335
32520 3335
32530 3335
32540 3336
32550 3336
32560 3336
32570 3336
32580 3336
32590 3338
32600 3338
32610 3339
32620 3340
32630 3340
32640 3341
32650 3341
32660 3343
32670 3343
32680 3343
32690 3343
32700 3344
32710 3345
32720 3345
32730 3345
32740 3346
32750 3346
32760 3347
32770 3348
32780 3349
32790 3349
32800 3349
32810 3349
32820 3349
32830 3349
32840 3349
32850 3349
32860 3349
32870 3349
32880 3349
32890 3349
32900 3349
32910 3349
32920 3349
32930 3349
32940 3350
32950 3350
32960 3350
32970 3350
32980 3350
32990 3351
33000 3351
33010 3351
33020 3351
33030 3351
33040 3352
33050 3352
33060 3352
33070 3352
33080 3352
33090 3352
33100 3352
33110 3352
33120 3352
33130 3352
33140 3352
33150 3352
33160 3352
33170 3353
33180 3353
33190 3353
33200 3353
33210 3353
33220 3354
33230 3354
33240 3354
33250 3354
33260 3354
33270 3354
33280 3355
33290 3356
33300 3356
33310 3356
33320 3357
33330 3357
33340 3357
33350 3357
33360 3357
33370 3357
33380 3358
33390 3358
33400 3358
33410 3358
33420 3359
33430 3361
33440 3361
33450 3361
33460 3362
33470 3362
33480 3362
33490 3362
33500 3362
33510 3363
33520 3363
33530 3363
33540 3363
33550 3364
33560 3365
33570 3365
33580 3365
33590 3365
33600 3366
33610 3368
33620 3370
33630 3371
33640 3371
33650 3372
33660 3373
33670 3373
33680 3373
33690 3373
33700 3374
33710 3374
33720 3375
33730 3375
33740 3375
33750 3375
33760 3375
33770 3375
33780 3375
33790 3375
33800 3375
33810 3375
33820 3377
33830 3377
33840 3377
33850 3377
33860 3377
33870 3378
33880 3378
33890 3379
33900 3380
33910 3380
33920 3381
33930 3382
33940 3384
33950 3384
33960 3385
33970 3385
33980 3386
33990 3386
34000 3386
34010 3387
34020 3387
34030 3387
34040 3387
34050 3387
34060 3387
34070 3389
34080 3391
34090 3391
34100 3391
34110 3391
34120 3391
34130 3391
34140 3391
34150 3392
34160 3392
34170 3393
34180 3393
34190 3393
34200 3393
34210 3393
34220 3395
34230 3396
34240 3396
34250 3398
34260 3398
34270 3398
34280 3398
34290 3399
34300 3399
34310 3401
34320 3407
34330 3408
34340 3410
34350 3410
34360 3411
34370 3411
34380 3411
34390 3411
34400 3411
34410 3411
34420 3411
34430 3411
34440 3411
34450 3412
34460 3412
34470 3412
34480 3412
34490 3413
34500 3414
34510 3415
34520 3417
34530 3418
34540 3418
34550 3418
34560 3419
34570 3419
34580 3419
34590 3420
34600 3420
34610 3420
34620 3420
34630 3421
34640 3421
34650 3421
34660 3422
34670 3422
34680 3422
34690 3422
34700 3422
34710 3422
34720 3422
34730 3423
34740 3423
34750 3423
34760 3423
34770 3424
34780 3424
34790 3424
34800 3424
34810 3424
34820 3424
34830 3424
34840 3424
34850 3424
34860 3424
34870 3424
34880 3424
34890 3424
34900 3425
34910 3426
34920 3426
34930 3426
34940 3426
34950 3426
34960 3426
34970 3426
34980 3426
34990 3428
35000 3429
35010 3429
35020 3429
35030 3429
35040 3429
35050 3429
35060 3429
35070 3429
35080 3429
35090 3430
35100 3430
35110 3430
35120 3430
35130 3430
35140 3430
35150 3430
35160 3430
35170 3430
35180 3431
35190 3431
35200 3432
35210 3432
35220 3432
35230 3432
35240 3432
35250 3432
35260 3432
35270 3432
35280 3432
35290 3432
35300 3432
35310 3432
35320 3432
35330 3432
35340 3433
35350 3433
35360 3433
35370 3433
35380 3433
35390 3433
35400 3433
35410 3433
35420 3433
35430 3433
35440 3434
35450 3434
35460 3434
35470 3434
35480 3434
35490 3434
35500 3436
35510 3436
35520 3437
35530 3438
35540 3438
35550 3438
35560 3440
35570 3441
35580 3441
35590 3441
35600 3441
35610 3441
35620 3441
35630 3441
35640 3442
35650 3443
35660 3444
35670 3444
35680 3445
35690 3445
35700 3445
35710 3445
35720 3446
35730 3446
35740 3446
35750 3446
35760 3446
35770 3446
35780 3447
35790 3448
35800 3448
35810 3448
35820 3448
35830 3448
35840 3448
35850 3448
35860 3448
35870 3448
35880 3448
35890 3448
35900 3448
35910 3449
35920 3451
35930 3453
35940 3453
35950 3453
35960 3453
35970 3454
35980 3454
35990 3455
36000 3457
36010 3457
36020 3457
36030 3457
36040 3457
36050 3457
36060 3458
36070 3458
36080 3459
36090 3459
36100 3460
36110 3461
36120 3461
36130 3461
36140 3461
36150 3462
36160 3462
36170 3462
36180 3462
36190 3463
36200 3463
36210 3464
36220 3464
36230 3465
36240 3466
36250 3467
36260 3467
36270 3467
36280 3467
36290 3468
36300 3468
36310 3468
36320 3470
36330 3470
36340 3470
36350 3470
36360 3471
36370 3471
36380 3472
36390 3472
36400 3472
36410 3472
36420 3472
36430 3472
36440 3472
36450 3472
36460 3472
36470 3472
36480 3472
36490 3472
36500 3472
36510 3472
36520 3472
36530 3473
36540 3474
36550 3474
36560 3475
36570 3475
36580 3475
36590 3475
36600 3476
36610 3476
36620 3476
36630 3477
36640 3477
36650 3480
36660 3480
36670 3480
36680 3483
36690 3484
36700 3484
36710 3484
36720 3485
36730 3485
36740 3485
36750 3485
36760 3485
36770 3486
36780 3486
36790 3486
36800 3486
36810 3486
36820 3486
36830 3486
36840 3486
36850 3486
36860 3486
36870 3486
36880 3486
36890 3486
36900 3486
36910 3487
36920 3487
36930 3488
36940 3488
36950 3488
36960 3488
36970 3488
36980 3488
36990 3488
37000 3489
37010 3490
37020 3490
37030 3491
37040 3492
37050 3492
37060 3492
37070 3492
37080 3493
37090 3493
37100 3494
37110 3494
37120 3495
37130 3495
37140 3495
37150 3495
37160 3495
37170 3495
37180 3495
37190 3495
37200 3495
37210 3495
37220 3495
37230 3495
37240 3495
37250 3495
37260 3495
37270 3495
37280 3495
37290 3495
37300 3495
37310 3495
37320 3495
37330 3495
37340 3495
37350 3495
37360 3495
37370 3495
37380 3495
37390 3496
37400 3496
37410 3497
37420 3497
37430 3497
37440 3497
37450 3497
37460 3497
37470 3497
37480 3498
37490 3498
37500 3498
37510 3498
37520 3499
37530 3499
37540 3499
37550 3499
37560 3499
37570 3500
37580 3500
37590 3500
37600 3500
37610 3502
37620 3502
37630 3502
37640 3502
37650 3505
37660 3507
37670 3509
37680 3512
37690 3515
37700 3516
37710 3517
37720 3517
37730 3517
37740 3517
37750 3517
37760 3517
37770 3517
37780 3517
37790 3518
37800 3518
37810 3518
37820 3518
37830 3518
37840 3518
37850 3518
37860 3518
37870 3518
37880 3518
37890 3518
37900 3518
37910 3518
37920 3518
37930 3518
37940 3518
37950 3518
37960 3518
37970 3519
37980 3519
37990 3519
38000 3519
38010 3520
38020 3520
38030 3520
38040 3521
38050 3521
38060 3521
38070 3521
38080 3521
38090 3521
38100 3521
38110 3521
38120 3522
38130 3522
38140 3522
38150 3522
38160 3522
38170 3522
38180 3523
38190 3523
38200 3523
38210 3523
38220 3523
38230 3523
38240 3524
38250 3524
38260 3524
38270 3524
38280 3525
38290 3525
38300 3525
38310 3525
38320 3525
38330 3526
38340 3526
38350 3527
38360 3528
38370 3528
38380 3528
38390 3528
38400 3528
38410 3528
38420 3528
38430 3528
38440 3530
38450 3531
38460 3532
38470 3532
38480 3532
38490 3533
38500 3534
38510 3535
38520 3535
38530 3535
38540 3536
38550 3539
38560 3540
38570 3541
38580 3543
38590 3543
38600 3543
38610 3544
38620 3545
38630 3545
38640 3546
38650 3546
38660 3546
38670 3547
38680 3547
38690 3547
38700 3548
38710 3549
38720 3550
38730 3550
38740 3550
38750 3550
38760 3550
38770 3550
38780 3550
38790 3550
38800 3551
38810 3551
38820 3553
38830 3553
38840 3553
38850 3554
38860 3555
38870 3555
38880 3555
38890 3555
38900 3558
38910 3558
38920 3559
38930 3560
38940 3561
38950 3561
38960 3562
38970 3562
38980 3562
38990 3562
39000 3562
39010 3562
39020 3562
39030 3562
39040 3562
39050 3562
39060 3562
39070 3562
39080 3562
39090 3562
39100 3562
39110 3562
39120 3562
39130 3562
39140 3562
39150 3564
39160 3564
39170 3564
39180 3564
39190 3565
39200 3565
39210 3565
39220 3565
39230 3565
39240 3565
39250 3566
39260 3566
39270 3566
39280 3566
39290 3566
39300 3566
39310 3566
39320 3566
39330 3566
39340 3566
39350 3566
39360 3567
39370 3567
39380 3567
39390 3567
39400 3567
39410 3567
39420 3567
39430 3567
39440 3567
39450 3568
39460 3568
39470 3568
39480 3570
39490 3570
39500 3570
39510 3570
39520 3570
39530 3570
39540 3572
39550 3574
39560 3575
39570 3578
39580 3579
39590 3581
39600 3581
39610 3583
39620 3584
39630 3585
39640 3586
39650 3587
39660 3587
39670 3587
39680 3588
39690 3588
39700 3588
39710 3589
39720 3590
39730 3591
39740 3591
39750 3591
39760 3591
39770 3591
39780 3593
39790 3594
39800 3595
39810 3595
39820 3600
39830 3600
39840 3600
39850 3600
39860 3600
39870 3600
39880 3601
39890 3601
39900 3603
39910 3603
39920 3604
39930 3604
39940 3604
39950 3604
39960 3605
39970 3605
39980 3605
39990 3605
40000 3605
40010 3605
40020 3605
40030 3605
40040 3605
40050 3606
40060 3607
40070 3607
40080 3607
40090 3607
40100 3607
40110 3607
40120 3607
40130 3607
40140 3607
40150 3607
40160 3607
40170 3607
40180 3607
40190 3607
40200 3607
40210 3607
40220 3607
40230 3607
40240 3607
40250 3607
40260 3607
40270 3608
40280 3608
40290 3608
40300 3608
40310 3610
40320 3610
40330 3610
40340 3610
40350 3610
40360 3610
40370 3610
40380 3611
40390 3611
40400 3611
40410 3611
40420 3611
40430 3611
40440 3611
40450 3611
40460 3611
40470 3611
40480 3612
40490 3612
40500 3612
40510 3613
40520 3614
40530 3614
40540 3614
40550 3615
40560 3615
40570 3615
40580 3616
40590 3616
40600 3617
40610 3617
40620 3617
40630 3617
40640 3617
40650 3617
40660 3617
40670 3619
40680 3619
40690 3619
40700 3619
40710 3621
40720 3621
40730 3621
40740 3621
40750 3623
40760 3623
40770 3623
40780 3624
40790 3624
40800 3624
40810 3624
40820 3624
40830 3624
40840 3626
40850 3626
40860 3627
40870 3628
40880 3629
40890 3630
40900 3630
40910 3632
40920 3632
40930 3633
40940 3635
40950 3637
40960 3639
40970 3642
40980 3642
40990 3642
41000 3642
41010 3642
41020 3642
41030 3642
41040 3642
41050 3642
41060 3642
41070 3643
41080 3643
41090 3644
41100 3644
41110 3644
41120 3644
41130 3644
41140 3644
41150 3644
41160 3646
41170 3646
41180 3647
41190 3647
41200 3647
41210 3647
41220 3648
41230 3648
41240 3648
41250 3648
41260 3648
41270 3648
41280 3648
41290 3648
41300 3648
41310 3648
41320 3648
41330 3648
41340 3649
41350 3649
41360 3650
41370 3651
41380 3651
41390 3651
41400 3651
41410 3651
41420 3651
41430 3651
41440 3651
41450 3652
41460 3653
41470 3653
41480 3653
41490 3653
41500 3654
41510 3655
41520 3655
41530 3655
41540 3655
41550 3655
41560 3655
41570 3656
41580 3656
41590 3658
41600 3658
41610 3659
41620 3659
41630 3659
41640 3660
41650 3660
41660 3660
41670 3661
41680 3661
41690 3662
41700 3662
41710 3662
41720 3663
41730 3663
41740 3664
41750 3664
41760 3664
41770 3664
41780 3664
41790 3664
41800 3665
41810 3666
41820 3666
41830 3666
41840 3667
41850 3669
41860 3669
41870 3670
41880 3670
41890 3670
41900 3670
41910 3671
41920 3671
41930 3672
41940 3672
41950 3672
41960 3672
41970 3672
41980 3672
41990 3673
42000 3676
42010 3677
42020 3677
42030 3678
42040 3678
42050 3679
42060 3679
42070 3679
42080 3679
42090 3679
42100 3680
42110 3680
42120 3680
42130 3680
42140 3680
42150 3682
42160 3682
42170 3683
42180 3683
42190 3683
42200 3684
42210 3684
42220 3685
42230 3685
42240 3685
42250 3685
42260 3685
42270 3685
42280 3685
42290 3685
42300 3685
42310 3685
42320 3685
42330 3685
42340 3685
42350 3685
42360 3685
42370 3685
42380 3685
42390 3685
42400 3685
42410 3685
42420 3686
42430 3687
42440 3687
42450 3687
42460 3687
42470 3687
42480 3687
42490 3687
42500 3687
42510 3687
42520 3687
42530 3688
42540 3688
42550 3688
42560 3688
42570 3688
42580 3688
42590 3688
42600 3688
42610 3688
42620 3688
42630 3689
42640 3689
42650 3690
42660 3691
42670 3691
42680 3695
42690 3695
42700 3696
42710 3698
42720 3700
42730 3700
42740 3700
42750 3700
42760 3702
42770 3703
42780 3709
42790 3709
42800 3712
42810 3714
42820 3714
42830 3717
42840 3718
42850 3719
42860 3719
42870 3720
42880 3720
42890 3720
42900 3720
42910 3720
42920 3720
42930 3720
42940 3720
42950 3720
42960 3720
42970 3721
42980 3722
42990 3722
43000 3722
43010 3723
43020 3723
43030 3725
43040 3725
43050 3727
43060 3727
43070 3727
43080 3727
43090 3727
43100 3727
43110 3727
43120 3728
43130 3729
43140 3729
43150 3729
43160 3729
43170 3729
43180 3729
43190 3731
43200 3731
43210 3731
43220 3731
43230 3731
43240 3731
43250 3731
43260 3731
43270 3731
43280 3731
43290 3731
43300 3731
43310 3731
43320 3734
43330 3737
43340 3737
43350 3737
43360 3737
43370 3737
43380 3737
43390 3737
43400 3737
43410 3738
43420 3738
43430 3738
43440 3738
43450 3738
43460 3738
43470 3738
43480 3738
43490 3738
43500 3739
43510 3739
43520 3739
43530 3740
43540 3740
43550 3740
43560 3740
43570 3740
43580 3740
43590 3740
43600 3740
43610 3741
43620 3742
43630 3742
43640 3743
43650 3743
43660 3743
43670 3743
43680 3744
43690 3745
43700 3745
43710 3745
43720 3746
43730 3746
43740 3746
43750 3746
43760 3747
43770 3748
43780 3748
43790 3748
43800 3748
43810 3749
43820 3749
43830 3749
43840 3749
43850 3749
43860 3749
43870 3749
43880 3751
43890 3754
43900 3754
43910 3754
43920 3754
43930 3756
43940 3757
43950 3758
43960 3758
43970 3759
43980 3759
43990 3759
44000 3760
44010 3761
44020 3762
44030 3764
44040 3764
44050 3766
44060 3766
44070 3767
44080 3767
44090 3767
44100 3768
44110 3768
44120 3768
44130 3768
44140 3768
44150 3768
44160 3768
44170 3769
44180 3769
44190 3769
44200 3769
44210 3769
44220 3769
44230 3769
44240 3769
44250 3769
44260 3770
44270 3770
44280 3770
44290 3770
44300 3771
44310 3771
44320 3772
44330 3773
44340 3773
44350 3773
44360 3774
44370 3775
44380 3775
44390 3775
44400 3775
44410 3775
44420 3775
44430 3775
44440 3775
44450 3776
44460 3776
44470 3776
44480 3776
44490 3776
44500 3776
44510 3776
44520 3776
44530 3776
44540 3776
44550 3778
44560 3778
44570 3779
44580 3780
44590 3780
44600 3780
44610 3780
44620 3780
44630 3780
44640 3780
44650 3780
44660 3782
44670 3783
44680 3784
44690 3785
44700 3785
44710 3785
44720 3786
44730 3786
44740 3786
44750 3787
44760 3787
44770 3787
44780 3787
44790 3787
44800 3787
44810 3788
44820 3789
44830 3791
44840 3791
44850 3791
44860 3791
44870 3791
44880 3791
44890 3792
44900 3792
44910 3792
44920 3793
44930 3793
44940 3793
44950 3793
44960 3793
44970 3794
44980 3794
44990 3794
45000 3794
45010 3794
45020 3796
45030 3797
45040 3797
45050 3797
45060 3797
45070 3797
45080 3797
45090 3797
45100 3799
45110 3800
45120 3801
45130 3802
45140 3802
45150 3802
45160 3803
45170 3803
45180 3803
45190 3805
45200 3806
45210 3808
45220 3808
45230 3809
45240 3812
45250 3812
45260 3813
45270 3814
45280 3814
45290 3815
45300 3815
45310 3815
45320 3816
45330 3816
45340 3817
45350 3817
45360 3817
45370 3817
45380 3817
45390 3820
45400 3821
45410 3821
45420 3821
45430 3821
45440 3821
45450 3821
45460 3821
45470 3821
45480 3821
45490 3821
45500 3821
45510 3822
45520 3822
45530 3823
45540 3823
45550 3823
45560 3824
45570 3824
45580 3824
45590 3824
45600 3826
45610 3827
45620 3828
45630 3828
45640 3829
45650 3829
45660 3829
45670 3829
45680 3829
45690 3829
45700 3829
45710 3829
45720 3829
45730 3829
45740 3829
45750 3829
45760 3830
45770 3830
45780 3831
45790 3831
45800 3831
45810 3833
45820 3833
45830 3834
45840 3834
45850 3835
45860 3835
45870 3835
45880 3835
45890 3835
45900 3836
45910 3836
45920 3836
45930 3837
45940 3838
45950 3840
45960 3840
45970 3841
45980 3842
45990 3842
46000 3842
46010 3843
46020 3843
46030 3843
46040 3843
46050 3843
46060 3843
46070 3843
46080 3843
46090 3843
46100 3844
46110 3844
46120 3844
46130 3844
46140 3844
46150 3845
46160 3846
46170 3847
46180 3847
46190 3847
46200 3847
46210 3847
46220 3847
46230 3848
46240 3849
46250 3849
46260 3851
46270 3851
46280 3851
46290 3851
46300 3853
46310 3853
46320 3853
46330 3853
46340 3853
46350 3853
46360 3853
46370 3854
46380 3855
46390 3855
46400 3855
46410 3855
46420 3855
46430 3855
46440 3855
46450 3855
46460 3855
46470 3857
46480 3858
46490 3858
46500 3859
46510 3859
46520 3859
46530 3859
46540 3859
46550 3859
46560 3859
46570 3859
46580 3859
46590 3861
46600 3861
46610 3862
46620 3862
46630 3862
46640 3862
46650 3862
46660 3863
46670 3864
46680 3864
46690 3865
46700 3865
46710 3866
46720 3866
46730 3866
46740 3866
46750 3867
46760 3868
46770 3868
46780 3868
46790 3868
46800 3868
46810 3868
46820 3868
46830 3868
46840 3868
46850 3868
46860 3869
46870 3869
46880 3869
46890 3869
46900 3869
46910 3869
46920 3869
46930 3870
46940 3871
46950 3871
46960 3871
46970 3871
46980 3871
46990 3871
47000 3871
47010 3871
47020 3871
47030 3871
47040 3872
47050 3873
47060 3874
47070 3875
47080 3875
47090 3875
47100 3875
47110 3875
47120 3876
47130 3876
47140 3876
47150 3879
47160 3880
47170 3880
47180 3881
47190 3881
47200 3881
47210 3881
47220 3881
47230 3884
47240 3884
47250 3884
47260 3884
47270 3885
47280 3885
47290 3886
47300 3886
47310 3887
47320 3887
47330 3887
47340 3889
47350 3889
47360 3889
47370 3890
47380 3890
47390 3891
47400 3891
47410 3891
47420 3891
47430 3891
47440 3891
47450 3892
47460 3892
47470 3893
47480 3893
47490 3893
47500 3894
47510 3894
47520 3894
47530 3894
47540 3894
47550 3894
47560 3894
47570 3894
47580 3894
47590 3894
47600 3894
47610 3894
47620 3896
47630 3897
47640 3897
47650 3897
47660 3898
47670 3898
47680 3899
47690 3899
47700 3900
47710 3900
47720 3900
47730 3900
47740 3900
47750 3900
47760 3900
47770 3900
47780 3900
47790 3901
47800 3901
47810 3903
47820 3905
47830 3906
47840 3907
47850 3908
47860 3908
47870 3908
47880 3908
47890 3909
47900 3909
47910 3909
47920 3909
47930 3909
47940 3909
47950 3909
47960 3909
47970 3909
47980 3911
47990 3911
48000 3911
48010 3911
48020 3912
48030 3913
48040 3913
48050 3913
48060 3913
48070 3913
48080 3914
48090 3914
48100 3914
48110 3914
48120 3914
48130 3915
48140 3916
48150 3916
48160 3916
48170 3916
48180 3916
48190 3916
48200 3917
48210 3917
48220 3920
48230 3922
48240 3922
48250 3922
48260 3922
48270 3922
48280 3922
48290 3923
48300 3924
48310 3926
48320 3926
48330 3929
48340 3929
48350 3930
48360 3930
48370 3932
48380 3935
48390 3935
48400 3936
48410 3938
48420 3938
48430 3938
48440 3940
48450 3940
48460 3941
48470 3942
48480 3942
48490 3943
48500 3943
48510 3943
48520 3943
48530 3943
48540 3943
48550 3944
48560 3944
48570 3944
48580 3945
48590 3945
48600 3945
48610 3945
48620 3946
48630 3946
48640 3946
48650 3946
48660 3946
48670 3946
48680 3946
48690 3946
48700 3946
48710 3947
48720 3947
48730 3947
48740 3947
48750 3947
48760 3947
48770 3947
48780 3947
48790 3947
48800 3947
48810 3949
48820 3949
48830 3949
48840 3949
48850 3949
48860 3949
48870 3949
48880 3950
48890 3950
48900 3950
48910 3950
48920 3950
48930 3950
48940 3950
48950 3950
48960 3950
48970 3951
48980 3951
48990 3951
49000 3951
49010 3951
49020 3951
49030 3951
49040 3952
49050 3952
49060 3952
49070 3952
49080 3953
49090 3953
49100 3954
49110 3954
49120 3954
49130 3955
49140 3955
49150 3956
49160 3956
49170 3956
49180 3956
49190 3957
49200 3958
49210 3958
49220 3958
49230 3958
49240 3958
49250 3960
49260 3960
49270 3960
49280 3960
49290 3960
49300 3960
49310 3961
49320 3962
49330 3962
49340 3962
49350 3962
49360 3962
49370 3962
49380 3963
49390 3963
49400 3965
49410 3965
49420 3966
49430 3966
49440 3966
49450 3967
49460 3967
49470 3968
49480 3968
49490 3968
49500 3969
49510 3969
49520 3969
49530 3969
49540 3970
49550 3970
49560 3970
49570 3970
49580 3970
49590 3970
49600 3970
49610 3970
49620 3970
49630 3973
49640 3975
49650 3975
49660 3976
49670 3977
49680 3979
49690 3980
49700 3981
49710 3981
49720 3982
49730 3982
49740 3982
49750 3982
49760 3982
49770 3982
49780 3982
49790 3982
49800 3983
49810 3983
49820 3983
49830 3983
49840 3983
49850 3984
49860 3984
49870 3984
49880 3986
49890 3986
49900 3986
49910 3987
49920 3987
49930 3987
49940 3987
49950 3988
49960 3988
49970 3988
49980 3988
49990 3988
50000 3988
50010 3988
50020 3988
50030 3988
50040 3988
50050 3988
50060 3988
50070 3988
50080 3988
50090 3989
50100 3990
50110 3990
50120 3991
50130 3991
50140 3993
50150 3993
50160 3993
50170 3993
50180 3993
50190 3993
50200 3993
50210 3993
50220 3993
50230 3993
50240 3994
50250 3994
50260 3994
50270 3994
50280 3994
50290 3994
50300 3995
50310 3995
50320 3995
50330 3995
50340 3995
50350 3995
50360 3995
50370 3997
50380 3999
50390 3999
50400 3999
50410 4001
50420 4001
50430 4001
50440 4001
50450 4001
50460 4001
50470 4001
50480 4001
50490 4001
50500 4003
50510 4003
50520 4003
50530 4003
50540 4004
50550 4004
50560 4004
50570 4004
50580 4004
50590 4004
50600 4005
50610 4005
50620 4006
50630 4006
50640 4006
50650 4006
50660 4006
50670 4006
50680 4006
50690 4006
50700 4006
50710 4006
50720 4006
50730 4008
50740 4008
50750 4008
50760 4008
50770 4008
50780 4008
50790 4008
50800 4008
50810 4008
50820 4008
50830 4008
50840 4008
50850 4008
50860 4008
50870 4008
50880 4008
50890 4008
50900 4009
50910 4009
50920 4009
50930 4009
50940 4009
50950 4009
50960 4009
50970 4009
50980 4009
50990 4009
51000 4009
51010 4009
51020 4009
51030 4009
51040 4009
51050 4009
51060 4010
51070 4012
51080 4013
51090 4016
51100 4018
51110 4018
51120 4018
51130 4018
51140 4018
51150 4018
51160 4018
51170 4018
51180 4018
51190 4018
51200 4019
51210 4019
51220 4019
51230 4019
51240 4020
51250 4021
51260 4021
51270 4022
51280 4023
51290 4024
51300 4025
51310 4025
51320 4026
51330 4026
51340 4026
51350 4026
51360 4026
51370 4027
51380 4027
51390 4027
51400 4028
51410 4030
51420 4031
51430 4032
51440 4032
51450 4032
51460 4032
51470 4032
51480 4032
51490 4034
51500 4035
51510 4036
51520 4036
51530 4036
51540 4036
51550 4036
51560 4036
51570 4036
51580 4036
51590 4036
51600 4036
51610 4037
51620 4037
51630 4038
51640 4038
51650 4038
51660 4038
51670 4039
51680 4040
51690 4040
51700 4040
51710 4040
51720 4041
51730 4043
51740 4043
51750 4043
51760 4043
51770 4043
51780 4043
51790 4043
51800 4045
51810 4045
51820 4045
51830 4045
51840 4045
51850 4045
51860 4045
51870 4045
51880 4045
51890 4045
51900 4048
51910 4048
51920 4049
51930 4049
51940 4049
51950 4049
51960 4049
51970 4050
51980 4050
51990 4050
52000 4050
52010 4050
52020 4050
52030 4051
52040 4051
52050 4051
52060 4052
52070 4053
52080 4054
52090 4054
52100 4054
52110 4054
52120 4055
52130 4055
52140 4055
52150 4056
52160 4056
52170 4056
52180 4056
52190 4056
52200 4056
52210 4057
52220 4058
52230 4060
52240 4060
52250 4060
52260 4062
52270 4062
52280 4063
52290 4063
52300 4063
52310 4063
52320 4063
52330 4064
52340 4064
52350 4064
52360 4064
52370 4064
52380 4064
52390 4064
52400 4064
52410 4064
52420 4065
52430 4065
52440 4066
52450 4066
52460 4066
52470 4066
52480 4066
52490 4067
52500 4067
52510 4067
52520 4067
52530 4067
52540 4067
52550 4067
52560 4067
52570 4067
52580 4067
52590 4067
52600 4067
52610 4067
52620 4067
52630 4067
52640 4067
52650 4067
52660 4067
52670 4067
52680 4067
52690 4067
52700 4067
52710 4067
52720 4067
52730 4067
52740 4067
52750 4067
52760 4067
52770 4067
52780 4067
52790 4067
52800 4067
52810 4067
52820 4067
52830 4068
52840 4068
52850 4068
52860 4068
52870 4068
52880 4068
52890 4068
52900 4068
52910 4068
52920 4068
52930 4069
52940 4069
52950 4069
52960 4069
52970 4069
52980 4069
52990 4069
53000 4069
53010 4069
53020 4069
53030 4070
53040 4070
53050 4070
53060 4070
53070 4070
53080 4073
53090 4073
53100 4074
53110 4074
53120 4075
53130 4076
53140 4077
53150 4077
53160 4077
53170 4078
53180 4079
53190 4080
53200 4081
53210 4081
53220 4081
53230 4081
53240 4081
53250 4081
53260 4081
53270 4081
53280 4081
53290 4081
53300 4081
53310 4081
53320 4081
53330 4081
53340 4081
53350 4081
53360 4082
53370 4083
53380 4083
53390 4083
53400 4083
53410 4083
53420 4083
53430 4083
53440 4083
53450 4084
53460 4084
53470 4084
53480 4084
53490 4084
53500 4084
53510 4085
53520 4085
53530 4085
53540 4085
53550 4085
53560 4086
53570 4086
53580 4086
53590 4087
53600 4087
53610 4088
53620 4088
53630 4088
53640 4088
53650 4088
53660 4088
53670 4088
53680 4089
53690 4091
53700 4091
53710 4091
53720 4091
53730 4092
53740 4092
53750 4092
53760 4092
53770 4092
53780 4093
53790 4094
53800 4094
53810 4094
53820 4094
53830 4094
53840 4094
53850 4094
53860 4094
53870 4094
53880 4095
53890 4095
53900 4095
53910 4095
53920 4097
53930 4098
53940 4099
53950 4100
53960 4100
53970 4100
53980 4100
53990 4100
54000 4100
54010 4100
54020 4100
54030 4100
54040 4101
54050 4102
54060 4102
54070 4102
54080 4102
54090 4103
54100 4103
54110 4103
54120 4103
54130 4104
54140 4105
54150 4106
54160 4106
54170 4106
54180 4107
54190 4107
54200 4107
54210 4107
54220 4108
54230 4108
54240 4108
54250 4108
54260 4108
54270 4110
54280 4110
54290 4110
54300 4110
54310 4110
54320 4110
54330 4111
54340 4111
54350 4111
54360 4113
54370 4113
54380 4114
54390 4114
54400 4114
54410 4115
54420 4116
54430 4116
54440 4116
54450 4116
54460 4116
54470 4116
54480 4117
54490 4118
54500 4118
54510 4119
54520 4119
54530 4119
54540 4119
54550 4119
54560 4119
54570 4119
54580 4120
54590 4120
54600 4120
54610 4120
54620 4121
54630 4121
54640 4121
54650 4121
54660 4122
54670 4122
54680 4122
54690 4123
54700 4123
54710 4123
54720 4125
54730 4126
54740 4127
54750 4128
54760 4129
54770 4129
54780 4129
54790 4129
54800 4130
54810 4130
54820 4130
54830 4131
54840 4131
54850 4131
54860 4132
54870 4132
54880 4132
54890 4135
54900 4136
54910 4138
54920 4138
54930 4139
54940 4139
54950 4139
54960 4139
54970 4139
54980 4139
54990 4139
55000 4140
55010 4141
55020 4141
55030 4142
55040 4142
55050 4143
55060 4145
55070 4145
55080 4145
55090 4145
55100 4145
55110 4145
55120 4145
55130 4145
55140 4145
55150 4146
55160 4147
55170 4147
55180 4147
55190 4147
55200 4147
55210 4147
55220 4149
55230 4149
55240 4150
55250 4150
55260 4150
55270 4151
55280 4151
55290 4151
55300 4151
55310 4151
55320 4152
55330 4153
55340 4153
55350 4153
55360 4153
55370 4153
55380 4155
55390 4155
55400 4156
55410 4156
55420 4156
55430 4156
55440 4156
55450 4158
55460 4159
55470 4160
55480 4160
55490 4160
55500 4161
55510 4162
55520 4162
55530 4162
55540 4162
55550 4163
55560 4163
55570 4163
55580 4165
55590 4165
55600 4165
55610 4165
55620 4165
55630 4165
55640 4165
55650 4166
55660 4166
55670 4166
55680 4166
55690 4167
55700 4167
55710 4167
55720 4167
55730 4167
55740 4167
55750 4167
55760 4167
55770 4167
55780 4167
55790 4168
55800 4170
55810 4170
55820 4170
55830 4170
55840 4170
55850 4170
55860 4170
55870 4170
55880 4170
55890 4171
55900 4172
55910 4172
55920 4172
55930 4173
55940 4174
55950 4175
55960 4175
55970 4176
55980 4176
55990 4176
56000 4176
56010 4176
56020 4176
56030 4176
56040 4178
56050 4178
56060 4178
56070 4178
56080 4178
56090 4178
56100 4179
56110 4180
56120 4181
56130 4181
56140 4182
56150 4182
56160 4182
56170 4182
56180 4183
56190 4184
56200 4184
56210 4185
56220 4186
56230 4186
56240 4186
56250 4186
56260 4186
56270 4186
56280 4187
56290 4187
56300 4187
56310 4187
56320 4187
56330 4187
56340 4187
56350 4187
56360 4187
56370 4187
56380 4187
56390 4187
56400 4187
56410 4187
56420 4187
56430 4187
56440 4187
56450 4187
56460 4187
56470 4187
56480 4189
56490 4189
56500 4189
56510 4191
56520 4191
56530 4191
56540 4191
56550 4192
56560 4192
56570 4194
56580 4194
56590 4194
56600 4194
56610 4195
56620 4196
56630 4196
56640 4196
56650 4196
56660 4197
56670 4197
56680 4197
56690 4198
56700 4198
56710 4198
56720 4198
56730 4198
56740 4199
56750 4199
56760 4199
56770 4199
56780 4199
56790 4199
56800 4199
56810 4199
56820 4200
56830 4200
56840 4200
56850 4200
56860 4200
56870 4200
56880 4200
56890 4200
56900 4201
56910 4201
56920 4201
56930 4201
56940 4201
56950 4201
56960 4201
56970 4201
56980 4201
56990 4202
57000 4202
57010 4202
57020 4202
57030 4202
57040 4202
57050 4202
57060 4202
57070 4202
57080 4203
57090 4203
57100 4203
57110 4203
57120 4203
57130 4203
57140 4203
57150 4203
57160 4203
57170 4203
57180 4204
57190 4205
57200 4206
57210 4207
57220 4208
57230 4208
57240 4208
57250 4208
57260 4208
57270 4208
57280 4209
57290 4209
57300 4209
57310 4209
57320 4210
57330 4210
57340 4210
57350 4212
57360 4212
57370 4212
57380 4212
57390 4213
57400 4213
57410 4213
57420 4213
57430 4213
57440 4213
57450 4213
57460 4213
57470 4213
57480 4213
57490 4213
57500 4213
57510 4214
57520 4214
57530 4214
57540 4214
57550 4214
57560 4214
57570 4214
57580 4214
57590 4214
57600 4214
57610 4214
57620 4215
57630 4215
57640 4216
57650 4216
57660 4217
57670 4217
57680 4217
57690 4217
57700 4217
57710 4217
57720 4217
57730 4217
57740 4217
57750 4217
57760 4217
57770 4217
57780 4217
57790 4217
57800 4217
57810 4217
57820 4217
57830 4217
57840 4217
57850 4217
57860 4217
57870 4217
57880 4218
57890 4218
57900 4218
57910 4218
57920 4218
57930 4218
57940 4218
57950 4218
57960 4218
57970 4218
57980 4218
57990 4218
58000 4218
58010 4218
58020 4218
58030 4218
58040 4218
58050 4219
58060 4219
58070 4220
58080 4220
58090 4220
58100 4220
58110 4221
58120 4222
58130 4223
58140 4223
58150 4223
58160 4225
58170 4226
58180 4226
58190 4226
58200 4226
58210 4226
58220 4227
58230 4227
58240 4228
58250 4229
58260 4229
58270 4230
58280 4230
58290 4230
58300 4230
58310 4231
58320 4232
58330 4232
58340 4233
58350 4233
58360 4233
58370 4233
58380 4233
58390 4233
58400 4233
58410 4233
58420 4233
58430 4233
58440 4234
58450 4234
58460 4234
58470 4234
58480 4234
58490 4234
58500 4234
58510 4234
58520 4234
58530 4235
58540 4237
58550 4237
58560 4238
58570 4238
58580 4238
58590 4238
58600 4238
58610 4238
58620 4238
58630 4239
58640 4239
58650 4240
58660 4240
58670 4240
58680 4241
58690 4242
58700 4242
58710 4243
58720 4243
58730 4243
58740 4243
58750 4243
58760 4243
58770 4244
58780 4244
58790 4244
58800 4244
58810 4244
58820 4244
58830 4244
58840 4245
58850 4246
58860 4246
58870 4247
58880 4249
58890 4249
58900 4249
58910 4249
58920 4249
58930 4249
58940 4250
58950 4251
58960 4251
58970 4251
58980 4251
58990 4251
59000 4251
59010 4251
59020 4251
59030 4251
59040 4252
59050 4253
59060 4253
59070 4253
59080 4253
59090 4253
59100 4253
59110 4253
59120 4253
59130 4254
59140 4254
59150 4254
59160 4255
59170 4255
59180 4255
59190 4255
59200 4255
59210 4255
59220 4255
59230 4255
59240 4256
59250 4256
59260 4257
59270 4257
59280 4258
59290 4258
59300 4260
59310 4260
59320 4260
59330 4260
59340 4260
59350 4260
59360 4260
59370 4260
59380 4260
59390 4260
59400 4261
59410 4261
59420 4262
59430 4262
59440 4262
59450 4262
59460 4262
59470 4262
59480 4262
59490 4262
59500 4262
59510 4263
59520 4265
59530 4265
59540 4265
59550 4265
59560 4265
59570 4265
59580 4265
59590 4265
59600 4266
59610 4266
59620 4266
59630 4266
59640 4266
59650 4266
59660 4267
59670 4267
59680 4267
59690 4267
59700 4267
59710 4267
59720 4267
59730 4267
59740 4268
59750 4270
59760 4271
59770 4271
59780 4272
59790 4273
59800 4275
59810 4275
59820 4275
59830 4275
59840 4275
59850 4275
59860 4275
59870 4275
59880 4276
59890 4276
59900 4276
59910 4276
59920 4276
59930 4276
59940 4276
59950 4277
59960 4278
59970 4278
59980 4278
59990 4279
60000 4279
60010 4279
60020 4279
60030 4280
60040 4282
60050 4282
60060 4282
60070 4282
60080 4282
60090 4282
60100 4282
60110 4282
60120 4282
60130 4282
60140 4282
60150 4282
60160 4282
60170 4282
60180 4283
60190 4283
60200 4283
60210 4284
60220 4284
60230 4284
60240 4285
60250 4285
60260 4285
60270 4285
60280 4286
60290 4286
60300 4286
60310 4286
60320 4286
60330 4286
60340 4286
60350 4286
60360 4288
60370 4288
60380 4288
60390 4288
60400 4288
60410 4288
60420 4288
60430 4288
60440 4288
60450 4288
60460 4288
60470 4288
60480 4288
60490 4288
60500 4288
60510 4288
60520 4288
60530 4288
60540 4290
60550 4291
60560 4294
60570 4294
60580 4295
60590 4295
60600 4295
60610 4295
60620 4295
60630 4295
60640 4295
60650 4296
60660 4296
60670 4296
60680 4297
60690 4298
60700 4300
60710 4300
60720 4300
60730 4300
60740 4300
60750 4300
60760 4300
60770 4300
60780 4300
60790 4300
60800 4300
60810 4300
60820 4300
60830 4300
60840 4300
60850 4300
60860 4300
60870 4300
60880 4300
60890 4302
60900 4303
60910 4304
60920 4305
60930 4305
60940 4305
60950 4305
60960 4305
60970 4305
60980 4305
60990 4306
61000 4306
61010 4306
61020 4306
61030 4306
61040 4306
61050 4306
61060 4306
61070 4306
61080 4306
61090 4306
61100 4306
61110 4307
61120 4307
61130 4307
61140 4308
61150 4308
61160 4308
61170 4308
61180 4308
61190 4308
61200 4308
61210 4308
61220 4308
61230 4308
61240 4309
61250 4309
61260 4310
61270 4310
61280 4310
61290 4310
61300 4310
61310 4310
61320 4310
61330 4310
61340 4311
61350 4311
61360 4311
61370 4311
61380 4311
61390 4311
61400 4311
61410 4311
61420 4312
61430 4313
61440 4314
61450 4314
61460 4314
61470 4314
61480 4316
61490 4316
61500 4316
61510 4316
61520 4317
61530 4317
61540 4317
61550 4317
61560 4317
61570 4317
61580 4317
61590 4317
61600 4317
61610 4317
61620 4317
61630 4317
61640 4317
61650 4318
61660 4318
61670 4318
61680 4319
61690 4319
61700 4319
61710 4320
61720 4320
61730 4320
61740 4320
61750 4321
61760 4322
61770 4322
61780 4323
61790 4324
61800 4325
61810 4325
61820 4325
61830 4325
61840 4326
61850 4326
61860 4326
61870 4326
61880 4326
61890 4326
61900 4326
61910 4326
61920 4326
61930 4327
61940 4328
61950 4328
61960 4328
61970 4328
61980 4328
61990 4328
62000 4330
62010 4333
62020 4333
62030 4333
62040 4334
62050 4334
62060 4334
62070 4335
62080 4335
62090 4335
62100 4337
62110 4337
62120 4338
62130 4340
62140 4340
62150 4341
62160 4342
62170 4343
62180 4343
62190 4343
62200 4343
62210 4345
62220 4346
62230 4347
62240 4348
62250 4348
62260 4349
62270 4349
62280 4349
62290 4349
62300 4349
62310 4351
62320 4351
62330 4352
62340 4352
62350 4352
62360 4352
62370 4353
62380 4354
62390 4354
62400 4354
62410 4354
62420 4354
62430 4354
62440 4354
62450 4354
62460 4354
62470 4355
62480 4355
62490 4357
62500 4358
62510 4359
62520 4360
62530 4360
62540 4360
62550 4360
62560 4360
62570 4360
62580 4360
62590 4361
62600 4361
62610 4361
62620 4361
62630 4361
62640 4362
62650 4362
62660 4362
62670 4362
62680 4362
62690 4362
62700 4362
62710 4362
62720 4362
62730 4362
62740 4362
62750 4362
62760 4362
62770 4362
62780 4362
62790 4362
62800 4363
62810 4363
62820 4363
62830 4363
62840 4364
62850 4365
62860 4366
62870 4366
62880 4366
62890 4366
62900 4367
62910 4367
62920 4368
62930 4368
62940 4368
62950 4368
62960 4368
62970 4369
62980 4371
62990 4371
63000 4371
63010 4371
63020 4371
63030 4371
63040 4372
63050 4372
63060 4372
63070 4372
63080 4372
63090 4372
63100 4372
63110 4372
63120 4372
63130 4372
63140 4372
63150 4372
63160 4372
63170 4372
63180 4372
63190 4372
63200 4372
63210 4372
63220 4372
63230 4372
63240 4372
63250 4372
63260 4372
63270 4372
63280 4372
63290 4372
63300 4372
63310 4373
63320 4373
63330 4373
63340 4373
63350 4373
63360 4374
63370 4374
63380 4374
63390 4375
63400 4375
63410 4375
63420 4375
63430 4375
63440 4375
63450 4375
63460 4375
63470 4375
63480 4375
63490 4375
63500 4375
63510 4375
63520 4375
63530 4375
63540 4375
63550 4375
63560 4375
63570 4375
63580 4375
63590 4375
63600 4375
63610 4375
63620 4375
63630 4375
63640 4375
63650 4375
63660 4375
63670 4375
63680 4376
63690 4376
63700 4376
63710 4376
63720 4376
63730 4376
63740 4376
63750 4376
63760 4376
63770 4376
63780 4376
63790 4376
63800 4376
63810 4376
63820 4376
63830 4376
63840 4376
63850 4376
63860 4376
63870 4376
63880 4376
63890 4376
63900 4377
63910 4379
63920 4379
63930 4379
63940 4379
63950 4380
63960 4380
63970 4380
63980 4380
63990 4380
64000 4380
64010 4382
64020 4382
64030 4382
64040 4382
64050 4382
64060 4382
64070 4382
64080 4382
64090 4382
64100 4382
64110 4382
64120 4382
64130 4382
64140 4382
64150 4382
64160 4382
64170 4382
64180 4382
64190 4382
64200 4382
64210 4383
64220 4384
64230 4384
64240 4384
64250 4385
64260 4385
64270 4385
64280 4385
64290 4385
64300 4386
64310 4386
64320 4386
64330 4386
64340 4389
64350 4389
64360 4389
64370 4389
64380 4389
64390 4389
64400 4389
64410 4390
64420 4390
64430 4390
64440 4392
64450 4392
64460 4392
64470 4392
64480 4392
64490 4393
64500 4393
64510 4393
64520 4393
64530 4393
64540 4393
64550 4393
64560 4393
64570 4393
64580 4393
64590 4393
64600 4393
64610 4393
64620 4393
64630 4393
64640 4393
64650 4393
64660 4393
64670 4393
64680 4393
64690 4393
64700 4393
64710 4394
64720 4394
64730 4395
64740 4395
64750 4396
64760 4396
64770 4396
64780 4396
64790 4396
64800 4396
64810 4397
64820 4397
64830 4397
64840 4397
64850 4397
64860 4397
64870 4397
64880 4397
64890 4398
64900 4398
64910 4398
64920 4398
64930 4398
64940 4398
64950 4398
64960 4398
64970 4398
64980 4398
64990 4400
65000 4401
65010 4401
65020 4403
65030 4403
65040 4403
65050 4404
65060 4404
65070 4404
65080 4404
65090 4404
65100 4404
65110 4404
65120 4404
65130 4404
65140 4404
65150 4406
65160 4406
65170 4406
65180 4406
65190 4406
65200 4406
65210 4406
65220 4406
65230 4406
65240 4406
65250 4406
65260 4406
65270 4406
65280 4406
65290 4406
65300 4406
65310 4406
65320 4406
65330 4406
65340 4407
65350 4407
65360 4407
65370 4408
65380 4408
65390 4408
65400 4408
65410 4408
65420 4408
65430 4408
65440 4408
65450 4408
65460 4408
65470 4408
65480 4408
65490 4408
65500 4409
65510 4409
65520 4409
65530 4409
65540 4409
65550 4409
65560 4409
65570 4409
65580 4409
65590 4409
65600 4409
65610 4409
65620 4409
65630 4409
65640 4410
65650 4410
65660 4410
65670 4410
65680 4411
65690 4412
65700 4412
65710 4412
65720 4412
65730 4412
65740 4412
65750 4413
65760 4413
65770 4413
65780 4413
65790 4413
65800 4413
65810 4413
65820 4413
65830 4413
65840 4413
65850 4413
65860 4413
65870 4413
65880 4413
65890 4413
65900 4413
65910 4413
65920 4413
65930 4413
65940 4413
65950 4413
65960 4413
65970 4413
65980 4413
65990 4413
66000 4413
66010 4413
66020 4413
66030 4414
66040 4414
66050 4414
66060 4414
66070 4415
66080 4415
66090 4418
66100 4418
66110 4418
66120 4418
66130 4418
66140 4419
66150 4419
66160 4420
66170 4421
66180 4427
66190 4427
66200 4427
66210 4427
66220 4427
66230 4427
66240 4427
66250 4428
66260 4429
66270 4429
66280 4429
66290 4429
66300 4429
66310 4429
66320 4429
66330 4429
66340 4430
66350 4430
66360 4430
66370 4430
66380 4430
66390 4430
66400 4430
66410 4430
66420 4430
66430 4430
66440 4431
66450 4431
66460 4431
66470 4431
66480 4431
66490 4431
66500 4431
66510 4431
66520 4431
66530 4432
66540 4432
66550 4433
66560 4433
66570 4433
66580 4433
66590 4433
66600 4434
66610 4434
66620 4434
66630 4434
66640 4434
66650 4434
66660 4434
66670 4434
66680 4435
66690 4435
66700 4435
66710 4435
66720 4437
66730 4437
66740 4437
66750 4438
66760 4438
66770 4438
66780 4438
66790 4438
66800 4438
66810 4439
66820 4440
66830 4440
66840 4440
66850 4440
66860 4440
66870 4440
66880 4440
66890 4441
66900 4441
66910 4441
66920 4441
66930 4441
66940 4441
66950 4441
66960 4442
66970 4443
66980 4443
66990 4445
67000 4446
67010 4448
67020 4449
67030 4451
67040 4452
67050 4456
67060 4461
67070 4462
67080 4463
67090 4463
67100 4464
67110 4465
67120 4468
67130 4471
67140 4472
67150 4473
67160 4473
67170 4474
67180 4474
67190 4474
67200 4476
67210 4478
67220 4479
67230 4480
67240 4484
67250 4488
67260 4489
67270 4489
67280 4489
67290 4489
67300 4490
67310 4490
67320 4490
67330 4490
67340 4490
67350 4490
67360 4490
67370 4490
67380 4491
67390 4491
67400 4491
67410 4492
67420 4492
67430 4492
67440 4492
67450 4492
67460 4492
67470 4493
67480 4494
67490 4494
67500 4494
67510 4494
67520 4494
67530 4494
67540 4495
67550 4495
67560 4495
67570 4496
67580 4496
67590 4497
67600 4497
67610 4497
67620 4498
67630 4498
67640 4498
67650 4498
67660 4499
67670 4499
67680 4499
67690 4499
67700 4499
67710 4499
67720 4499
67730 4499
67740 4499
67750 4500
67760 4501
67770 4501
67780 4501
67790 4502
67800 4502
67810 4502
67820 4502
67830 4504
67840 4506
67850 4506
67860 4506
67870 4508
67880 4511
67890 4511
67900 4512
67910 4512
67920 4512
67930 4513
67940 4513
67950 4514
67960 4514
67970 4515
67980 4515
67990 4516
68000 4516
68010 4516
68020 4516
68030 4518
68040 4519
68050 4522
68060 4522
68070 4522
68080 4522
68090 4523
68100 4523
68110 4525
68120 4525
68130 4525
68140 4525
68150 4525
68160 4525
68170 4525
68180 4525
68190 4525
68200 4525
68210 4526
68220 4526
68230 4527
68240 4527
68250 4527
68260 4527
68270 4527
68280 4527
68290 4527
68300 4527
68310 4527
68320 4527
68330 4527
68340 4527
68350 4527
68360 4527
68370 4528
68380 4528
68390 4528
68400 4528
68410 4529
68420 4529
68430 4529
68440 4530
68450 4530
68460 4531
68470 4531
68480 4531
68490 4531
68500 4531
68510 4531
68520 4531
68530 4532
68540 4532
68550 4533
68560 4534
68570 4534
68580 4534
68590 4535
68600 4536
68610 4536
68620 4536
68630 4536
68640 4536
68650 4536
68660 4536
68670 4536
68680 4537
68690 4537
68700 4537
68710 4537
68720 4538
68730 4540
68740 4540
68750 4540
68760 4541
68770 4542
68780 4542
68790 4543
68800 4544
68810 4544
68820 4545
68830 4545
68840 4545
68850 4545
68860 4545
68870 4545
68880 4545
68890 4545
68900 4545
68910 4546
68920 4546
68930 4547
68940 4547
68950 4547
68960 4547
68970 4547
68980 4548
68990 4550
69000 4550
69010 4551
69020 4551
69030 4552
69040 4552
69050 4552
69060 4553
69070 4553
69080 4554
69090 4554
69100 4555
69110 4555
69120 4555
69130 4555
69140 4555
69150 4555
69160 4557
69170 4557
69180 4557
69190 4557
69200 4558
69210 4559
69220 4559
69230 4559
69240 4559
69250 4560
69260 4561
69270 4561
69280 4561
69290 4561
69300 4561
69310 4561
69320 4562
69330 4562
69340 4562
69350 4563
69360 4563
69370 4563
69380 4563
69390 4563
69400 4563
69410 4563
69420 4563
69430 4563
69440 4563
69450 4563
69460 4563
69470 4564
69480 4564
69490 4565
69500 4566
69510 4566
69520 4566
69530 4566
69540 4566
69550 4566
69560 4567
69570 4568
69580 4569
69590 4569
69600 4570
69610 4570
69620 4570
69630 4570
69640 4570
69650 4571
69660 4571
69670 4572
69680 4574
69690 4574
69700 4574
69710 4574
69720 4574
69730 4574
69740 4574
69750 4574
69760 4575
69770 4575
69780 4575
69790 4575
69800 4575
69810 4577
69820 4577
69830 4577
69840 4577
69850 4579
69860 4580
69870 4580
69880 4581
69890 4583
69900 4583
69910 4583
69920 4583
69930 4583
69940 4583
69950 4583
69960 4583
69970 4585
69980 4586
69990 4586
70000 4586
70010 4586
70020 4586
70030 4586
70040 4587
70050 4587
70060 4587
70070 4587
70080 4588
70090 4590
70100 4591
70110 4592
70120 4594
70130 4594
70140 4594
70150 4594
70160 4595
70170 4597
70180 4597
70190 4597
70200 4597
70210 4597
70220 4597
70230 4597
70240 4597
70250 4597
70260 4600
70270 4600
70280 4600
70290 4600
70300 4600
70310 4600
70320 4600
70330 4600
70340 4600
70350 4600
70360 4600
70370 4600
70380 4600
70390 4600
70400 4600
70410 4600
70420 4600
70430 4601
70440 4601
70450 4601
70460 4602
70470 4602
70480 4602
70490 4602
70500 4602
70510 4602
70520 4602
70530 4602
70540 4603
70550 4604
70560 4606
70570 4608
70580 4609
70590 4609
70600 4609
70610 4609
70620 4610
70630 4614
70640 4614
70650 4614
70660 4614
70670 4615
70680 4615
70690 4616
70700 4616
70710 4616
70720 4616
70730 4616
70740 4616
70750 4616
70760 4617
70770 4618
70780 4618
70790 4618
70800 4618
70810 4618
70820 4618
70830 4618
70840 4618
70850 4618
70860 4618
70870 4619
70880 4620
70890 4620
70900 4620
70910 4620
70920 4620
70930 4620
70940 4620
70950 4620
70960 4620
70970 4620
70980 4620
70990 4620
71000 4620
71010 4620
71020 4620
71030 4620
71040 4620
71050 4620
71060 4620
71070 4620
71080 4620
71090 4620
71100 4620
71110 4621
71120 4621
71130 4621
71140 4622
71150 4622
71160 4622
71170 4622
71180 4622
71190 4622
71200 4623
71210 4623
71220 4623
71230 4623
71240 4623
71250 4623
71260 4623
71270 4623
71280 4623
71290 4624
71300 4625
71310 4625
71320 4625
71330 4626
71340 4626
71350 4628
71360 4628
71370 4628
71380 4628
71390 4629
71400 4629
71410 4629
71420 4629
71430 4629
71440 4629
71450 4629
71460 4629
71470 4629
71480 4629
71490 4629
71500 4629
71510 4630
71520 4630
71530 4630
71540 4630
71550 4631
71560 4631
71570 4631
71580 4631
71590 4631
71600 4631
71610 4631
71620 4632
71630 4632
71640 4632
71650 4632
71660 4633
71670 4633
71680 4634
71690 4634
71700 4634
71710 4634
71720 4634
71730 4635
71740 4635
71750 4635
71760 4636
71770 4636
71780 4636
71790 4636
71800 4636
71810 4637
71820 4637
71830 4637
71840 4637
71850 4637
71860 4637
71870 4637
71880 4637
71890 4637
71900 4637
71910 4637
71920 4637
71930 4637
71940 4637
71950 4639
71960 4639
71970 4639
71980 4640
71990 4640
72000 4640
72010 4640
72020 4640
72030 4640
72040 4640
72050 4640
72060 4640
72070 4640
72080 4640
72090 4640
72100 4640
72110 4641
72120 4641
72130 4642
72140 4643
72150 4643
72160 4643
72170 4643
72180 4643
72190 4643
72200 4643
72210 4643
72220 4644
72230 4645
72240 4645
72250 4645
72260 4646
72270 4646
72280 4646
72290 4646
72300 4646
72310 4647
72320 4647
72330 4647
72340 4647
72350 4647
72360 4648
72370 4649
72380 4650
72390 4650
72400 4650
72410 4651
72420 4651
72430 4651
72440 4651
72450 4651
72460 4651
72470 4651
72480 4652
72490 4653
72500 4654
72510 4654
72520 4655
72530 4655
72540 4655
72550 4655
72560 4655
72570 4656
72580 4657
72590 4657
72600 4658
72610 4659
72620 4660
72630 4660
72640 4660
72650 4660
72660 4660
72670 4660
72680 4660
72690 4660
72700 4660
72710 4660
72720 4660
72730 4660
72740 4660
72750 4661
72760 4661
72770 4661
72780 4663
72790 4664
72800 4664
72810 4664
72820 4664
72830 4664
72840 4664
72850 4664
72860 4664
72870 4664
72880 4664
72890 4665
72900 4665
72910 4665
72920 4665
72930 4665
72940 4666
72950 4666
72960 4666
72970 4667
72980 4667
72990 4668
73000 4668
73010 4668
73020 4668
73030 4668
73040 4668
73050 4668
73060 4669
73070 4670
73080 4670
73090 4670
73100 4671
73110 4671
73120 4671
73130 4671
73140 4672
73150 4674
73160 4674
73170 4675
73180 4676
73190 4677
73200 4677
73210 4677
73220 4677
73230 4677
73240 4678
73250 4679
73260 4679
73270 4679
73280 4679
73290 4680
73300 4681
73310 4681
73320 4682
73330 4682
73340 4682
73350 4684
73360 4685
73370 4685
73380 4685
73390 4685
73400 4685
73410 4685
73420 4686
73430 4686
73440 4686
73450 4686
73460 4686
73470 4686
73480 4686
73490 4686
73500 4686
73510 4686
73520 4686
73530 4686
73540 4687
73550 4687
73560 4687
73570 4687
73580 4688
73590 4688
73600 4689
73610 4689
73620 4690
73630 4690
73640 4690
73650 4690
73660 4690
73670 4691
73680 4691
73690 4691
73700 4691
73710 4691
73720 4691
73730 4693
73740 4693
73750 4694
73760 4694
73770 4694
73780 4694
73790 4695
73800 4695
73810 4695
73820 4697
73830 4697
73840 4697
73850 4697
73860 4697
73870 4698
73880 4698
73890 4698
73900 4698
73910 4698
73920 4698
73930 4698
73940 4698
73950 4698
73960 4699
73970 4699
73980 4699
73990 4700
74000 4700
74010 4700
74020 4700
74030 4701
74040 4701
74050 4701
74060 4701
74070 4701
74080 4701
74090 4701
74100 4702
74110 4702
74120 4702
74130 4702
74140 4702
74150 4702
74160 4702
74170 4702
74180 4702
74190 4702
74200 4702
74210 4702
74220 4702
74230 4702
74240 4702
74250 4702
74260 4703
74270 4703
74280 4704
74290 4705
74300 4705
74310 4705
74320 4705
74330 4705
74340 4705
74350 4705
74360 4705
74370 4705
74380 4707
74390 4707
74400 4707
74410 4707
74420 4707
74430 4707
74440 4707
74450 4708
74460 4708
74470 4708
74480 4708
74490 4708
74500 4709
74510 4709
74520 4709
74530 4709
74540 4710
74550 4710
74560 4711
74570 4711
74580 4711
74590 4711
74600 4711
74610 4711
74620 4712
74630 4712
74640 4712
74650 4712
74660 4712
74670 4712
74680 4713
74690 4713
74700 4713
74710 4714
74720 4714
74730 4714
74740 4716
74750 4716
74760 4716
74770 4717
74780 4717
74790 4717
74800 4717
74810 4717
74820 4717
74830 4718
74840 4718
74850 4718
74860 4718
74870 4719
74880 4720
74890 4720
74900 4720
74910 4720
74920 4721
74930 4721
74940 4721
74950 4721
74960 4721
74970 4721
74980 4721
74990 4721
75000 4721
75010 4721
75020 4721
75030 4721
75040 4721
75050 4721
75060 4723
75070 4723
75080 4724
75090 4724
75100 4724
75110 4724
75120 4724
75130 4724
75140 4725
75150 4725
75160 4725
75170 4725
75180 4725
75190 4725
75200 4725
75210 4725
75220 4726
75230 4726
75240 4726
75250 4727
75260 4727
75270 4727
75280 4727
75290 4728
75300 4728
75310 4728
75320 4728
75330 4728
75340 4728
75350 4728
75360 4728
75370 4728
75380 4728
75390 4728
75400 4728
75410 4728
75420 4728
75430 4728
75440 4728
75450 4729
75460 4729
75470 4729
75480 4729
75490 4729
75500 4729
75510 4729
75520 4729
75530 4729
75540 4729
75550 4729
75560 4729
75570 4729
75580 4730
75590 4732
75600 4734
75610 4734
75620 4734
75630 4734
75640 4734
75650 4734
75660 4734
75670 4734
75680 4734
75690 4734
75700 4734
75710 4734
75720 4734
75730 4734
75740 4734
75750 4734
75760 4734
75770 4735
75780 4735
75790 4735
75800 4735
75810 4735
75820 4736
75830 4736
75840 4736
75850 4737
75860 4737
75870 4737
75880 4738
75890 4739
75900 4739
75910 4740
75920 4740
75930 4741
75940 4741
75950 4741
75960 4741
75970 4741
75980 4742
75990 4742
76000 4742
76010 4742
76020 4743
76030 4744
76040 4744
76050 4744
76060 4744
76070 4744
76080 4744
76090 4744
76100 4744
76110 4744
76120 4744
76130 4744
76140 4744
76150 4744
76160 4745
76170 4745
76180 4745
76190 4745
76200 4745
76210 4746
76220 4746
76230 4747
76240 4747
76250 4747
76260 4747
76270 4747
76280 4749
76290 4750
76300 4750
76310 4751
76320 4752
76330 4752
76340 4752
76350 4752
76360 4752
76370 4754
76380 4754
76390 4754
76400 4756
76410 4756
76420 4757
76430 4757
76440 4757
76450 4757
76460 4757
76470 4757
76480 4758
76490 4758
76500 4760
76510 4760
76520 4760
76530 4760
76540 4760
76550 4760
76560 4761
76570 4761
76580 4762
76590 4764
76600 4764
76610 4764
76620 4764
76630 4766
76640 4767
76650 4769
76660 4770
76670 4771
76680 4771
76690 4772
76700 4772
76710 4773
76720 4774
76730 4774
76740 4774
76750 4775
76760 4775
76770 4775
76780 4775
76790 4776
76800 4776
76810 4776
76820 4776
76830 4776
76840 4776
76850 4776
76860 4776
76870 4776
76880 4776
76890 4776
76900 4776
76910 4777
76920 4777
76930 4778
76940 4778
76950 4778
76960 4780
76970 4780
76980 4781
76990 4781
77000 4782
77010 4783
77020 4783
77030 4783
77040 4783
77050 4783
77060 4783
77070 4783
77080 4783
77090 4783
77100 4783
77110 4783
77120 4784
77130 4784
77140 4784
77150 4784
77160 4784
77170 4784
77180 4786
77190 4786
77200 4786
77210 4786
77220 4786
77230 4786
77240 4787
77250 4788
77260 4788
77270 4788
77280 4788
77290 4788
77300 4789
77310 4789
77320 4789
77330 4789
77340 4789
77350 4789
77360 4789
77370 4789
77380 4789
77390 4790
77400 4790
77410 4790
77420 4790
77430 4790
77440 4790
77450 4791
77460 4792
77470 4793
77480 4793
77490 4793
77500 4793
77510 4794
77520 4794
77530 4795
77540 4796
77550 4796
77560 4797
77570 4797
77580 4797
77590 4797
77600 4797
77610 4797
77620 4798
77630 4798
77640 4798
77650 4798
77660 4798
77670 4798
77680 4799
77690 4799
77700 4801
77710 4802
77720 4803
77730 4803
77740 4806
77750 4806
77760 4806
77770 4806
77780 4806
77790 4807
77800 4807
77810 4808
77820 4809
77830 4809
77840 4809
77850 4809
77860 4810
77870 4810
77880 4810
77890 4811
77900 4812
77910 4812
77920 4813
77930 4814
77940 4814
77950 4814
77960 4814
77970 4815
77980 4816
77990 4816
78000 4816
78010 4817
78020 4817
78030 4818
78040 4818
78050 4819
78060 4819
78070 4819
78080 4820
78090 4820
78100 4820
78110 4820
78120 4820
78130 4820
78140 4820
78150 4820
78160 4820
78170 4820
78180 4820
78190 4820
78200 4821
78210 4821
78220 4821
78230 4821
78240 4821
78250 4821
78260 4822
78270 4822
78280 4823
78290 4824
78300 4825
78310 4825
78320 4825
78330 4825
78340 4827
78350 4828
78360 4829
78370 4829
78380 4830
78390 4830
78400 4830
78410 4831
78420 4831
78430 4831
78440 4831
78450 4831
78460 4831
78470 4832
78480 4832
78490 4832
78500 4833
78510 4833
78520 4833
78530 4834
78540 4834
78550 4834
78560 4835
78570 4836
78580 4836
78590 4836
78600 4836
78610 4836
78620 4836
78630 4836
78640 4836
78650 4837
78660 4838
78670 4838
78680 4839
78690 4839
78700 4839
78710 4839
78720 4839
78730 4840
78740 4840
78750 4840
78760 4841
78770 4842
78780 4843
78790 4843
78800 4843
78810 4843
78820 4843
78830 4843
78840 4843
78850 4843
78860 4844
78870 4844
78880 4845
78890 4845
78900 4845
78910 4845
78920 4846
78930 4846
78940 4846
78950 4846
78960 4846
78970 4846
78980 4846
78990 4846
79000 4846
79010 4846
79020 4846
79030 4846
79040 4846
79050 4847
79060 4848
79070 4848
79080 4848
79090 4848
79100 4848
79110 4848
79120 4848
79130 4850
79140 4850
79150 4850
79160 4850
79170 4851
79180 4851
79190 4851
79200 4851
79210 4851
79220 4851
79230 4851
79240 4851
79250 4853
79260 4853
79270 4853
79280 4854
79290 4854
79300 4855
79310 4855
79320 4855
79330 4855
79340 4855
79350 4855
79360 4855
79370 4856
79380 4856
79390 4856
79400 4856
79410 4856
79420 4856
79430 4857
79440 4857
79450 4858
79460 4858
79470 4858
79480 4858
79490 4859
79500 4859
79510 4860
79520 4860
79530 4861
79540 4861
79550 4861
79560 4861
79570 4862
79580 4862
79590 4862
79600 4862
79610 4863
79620 4863
79630 4864
79640 4864
79650 4865
79660 4865
79670 4867
79680 4867
79690 4867
79700 4867
79710 4867
79720 4868
79730 4868
79740 4869
79750 4870
79760 4870
79770 4870
79780 4870
79790 4870
79800 4870
79810 4870
79820 4870
79830 4870
79840 4872
79850 4872
79860 4872
79870 4872
79880 4872
79890 4872
79900 4872
79910 4872
79920 4872
79930 4872
79940 4872
79950 4872
79960 4872
79970 4872
79980 4872
79990 4872
80000 4872
80010 4872
80020 4873
80030 4873
80040 4875
80050 4875
80060 4875
80070 4875
80080 4875
80090 4875
80100 4876
80110 4877
80120 4878
80130 4878
80140 4878
80150 4878
80160 4878
80170 4878
80180 4879
80190 4879
80200 4880
80210 4880
80220 4880
80230 4880
80240 4880
80250 4880
80260 4880
80270 4880
80280 4880
80290 4880
80300 4880
80310 4880
80320 4881
80330 4881
80340 4881
80350 4883
80360 4883
80370 4883
80380 4883
80390 4883
80400 4883
80410 4883
80420 4883
80430 4883
80440 4884
80450 4884
80460 4884
80470 4884
80480 4884
80490 4885
80500 4886
80510 4886
80520 4887
80530 4887
80540 4887
80550 4887
80560 4887
80570 4887
80580 4887
80590 4887
80600 4887
80610 4887
80620 4888
80630 4888
80640 4889
80650 4889
80660 4889
80670 4889
80680 4889
80690 4889
80700 4889
80710 4892
80720 4892
80730 4892
80740 4892
80750 4892
80760 4893
80770 4893
80780 4893
80790 4894
80800 4894
80810 4895
80820 4895
80830 4897
80840 4897
80850 4897
80860 4897
80870 4897
80880 4898
80890 4898
80900 4898
80910 4898
80920 4898
80930 4898
80940 4898
80950 4898
80960 4899
80970 4899
80980 4899
80990 4899
81000 4899
81010 4899
81020 4899
81030 4899
81040 4899
81050 4899
81060 4899
81070 4899
81080 4900
81090 4901
81100 4901
81110 4901
81120 4902
81130 4903
81140 4903
81150 4903
81160 4903
81170 4905
81180 4905
81190 4905
81200 4905
81210 4905
81220 4905
81230 4905
81240 4905
81250 4905
81260 4905
81270 4905
81280 4905
81290 4905
81300 4906
81310 4906
81320 4906
81330 4906
81340 4906
81350 4906
81360 4906
81370 4906
81380 4906
81390 4906
81400 4906
81410 4906
81420 4906
81430 4906
81440 4906
81450 4907
81460 4907
81470 4907
81480 4907
81490 4907
81500 4907
81510 4907
81520 4907
81530 4907
81540 4907
81550 4907
81560 4907
81570 4907
81580 4907
81590 4908
81600 4910
81610 4910
81620 4911
81630 4911
81640 4912
81650 4912
81660 4912
81670 4912
81680 4913
81690 4913
81700 4913
81710 4914
81720 4914
81730 4915
81740 4916
81750 4916
81760 4916
81770 4916
81780 4916
81790 4916
81800 4916
81810 4916
81820 4916
81830 4916
81840 4916
81850 4916
81860 4916
81870 4916
81880 4916
81890 4916
81900 4916
81910 4916
81920 4917
81930 4918
81940 4918
81950 4918
81960 4918
81970 4918
81980 4918
81990 4918
82000 4919
82010 4919
82020 4921
82030 4921
82040 4921
82050 4921
82060 4921
82070 4921
82080 4921
82090 4921
82100 4921
82110 4921
82120 4921
82130 4922
82140 4922
82150 4922
82160 4922
82170 4922
82180 4922
82190 4922
82200 4922
82210 4922
82220 4922
82230 4922
82240 4923
82250 4923
82260 4924
82270 4925
82280 4925
82290 4925
82300 4925
82310 4925
82320 4926
82330 4926
82340 4926
82350 4926
82360 4927
82370 4928
82380 4928
82390 4928
82400 4928
82410 4929
82420 4929
82430 4929
82440 4929
82450 4930
82460 4930
82470 4930
82480 4930
82490 4930
82500 4930
82510 4930
82520 4931
82530 4931
82540 4931
82550 4931
82560 4931
82570 4932
82580 4932
82590 4932
82600 4933
82610 4933
82620 4933
82630 4933
82640 4934
82650 4935
82660 4935
82670 4935
82680 4936
82690 4936
82700 4936
82710 4936
82720 4936
82730 4936
82740 4936
82750 4936
82760 4936
82770 4936
82780 4936
82790 4937
82800 4937
82810 4939
82820 4939
82830 4940
82840 4941
82850 4941
82860 4941
82870 4941
82880 4941
82890 4941
82900 4941
82910 4941
82920 4941
82930 4942
82940 4943
82950 4943
82960 4943
82970 4943
82980 4944
82990 4944
83000 4944
83010 4944
83020 4944
83030 4944
83040 4945
83050 4945
83060 4945
83070 4945
83080 4945
83090 4945
83100 4945
83110 4945
83120 4945
83130 4946
83140 4947
83150 4947
83160 4947
83170 4948
83180 4948
83190 4948
83200 4948
83210 4949
83220 4949
83230 4949
83240 4949
83250 4949
83260 4949
83270 4949
83280 4949
83290 4949
83300 4949
83310 4949
83320 4949
83330 4949
83340 4949
83350 4949
83360 4949
83370 4950
83380 4950
83390 4950
83400 4950
83410 4950
83420 4950
83430 4951
83440 4952
83450 4952
83460 4953
83470 4953
83480 4954
83490 4954
83500 4954
83510 4954
83520 4954
83530 4954
83540 4955
83550 4955
83560 4955
83570 4955
83580 4955
83590 4956
83600 4956
83610 4956
83620 4956
83630 4956
83640 4956
83650 4956
83660 4956
83670 4957
83680 4957
83690 4957
83700 4957
83710 4958
83720 4960
83730 4960
83740 4960
83750 4960
83760 4961
83770 4962
83780 4964
83790 4964
83800 4964
83810 4964
83820 4965
83830 4966
83840 4966
83850 4966
83860 4966
83870 4966
83880 4966
83890 4966
83900 4966
83910 4966
83920 4967
83930 4967
83940 4967
83950 4967
83960 4967
83970 4967
83980 4967
83990 4967
84000 4968
84010 4968
84020 4968
84030 4969
84040 4970
84050 4970
84060 4970
84070 4971
84080 4971
84090 4972
84100 4972
84110 4973
84120 4973
84130 4973
84140 4973
84150 4973
84160 4973
84170 4973
84180 4973
84190 4973
84200 4973
84210 4973
84220 4973
84230 4974
84240 4974
84250 4974
84260 4974
84270 4974
84280 4975
84290 4975
84300 4977
84310 4978
84320 4979
84330 4979
84340 4979
84350 4979
84360 4981
84370 4981
84380 4981
84390 4982
84400 4982
84410 4984
84420 4984
84430 4984
84440 4984
84450 4984
84460 4984
84470 4984
84480 4984
84490 4984
84500 4984
84510 4984
84520 4984
84530 4985
84540 4986
84550 4987
84560 4987
84570 4987
84580 4987
84590 4987
84600 4987
84610 4988
84620 4988
84630 4989
84640 4989
84650 4989
84660 4989
84670 4989
84680 4989
84690 4989
84700 4989
84710 4991
84720 4991
84730 4991
84740 4991
84750 4991
84760 4992
84770 4992
84780 4992
84790 4992
84800 4992
84810 4993
84820 4993
84830 4993
84840 4993
84850 4994
84860 4994
84870 4994
84880 4994
84890 4997
84900 4997
84910 4997
84920 4997
84930 4997
84940 4997
84950 4997
84960 4998
84970 4999
84980 4999
84990 4999
85000 4999
85010 4999
85020 4999
85030 4999
85040 4999
85045 4999
