10 8
20 16
30 21
40 26
50 31
60 36
70 41
80 46
90 51
100 56
110 61
120 67
130 76
140 84
150 93
160 101
170 107
180 115
190 123
200 129
210 136
220 143
230 149
240 156
250 163
260 170
270 176
280 182
290 185
300 188
310 192
320 197
330 200
340 206
350 213
360 216
370 223
380 228
390 234
400 238
410 240
420 243
430 248
440 255
450 260
460 264
470 268
480 274
490 278
500 280
510 283
520 287
530 292
540 299
550 301
560 304
570 307
580 311
590 315
600 320
610 326
620 330
630 335
640 339
650 345
660 349
670 355
680 358
690 360
700 362
710 366
720 369
730 372
740 376
750 377
760 381
770 385
780 388
790 391
800 395
810 399
820 402
830 406
840 408
850 412
860 416
870 422
880 424
890 428
900 430
910 434
920 438
930 442
940 447
950 450
960 455
970 461
980 466
990 471
1000 475
1010 478
1020 482
1030 486
1040 490
1050 494
1060 498
1070 502
1080 506
1090 512
1100 518
1110 523
1120 530
1130 533
1140 535
1150 539
1160 544
1170 547
1180 549
1190 552
1200 553
1210 557
1220 562
1230 566
1240 569
1250 572
1260 575
1270 581
1280 583
1290 585
1300 589
1310 591
1320 592
1330 593
1340 597
1350 601
1360 602
1370 606
1380 607
1390 610
1400 613
1410 616
1420 621
1430 625
1440 630
1450 630
1460 632
1470 635
1480 635
1490 636
1500 640
1510 641
1520 643
1530 647
1540 650
1550 650
1560 654
1570 658
1580 661
1590 664
1600 666
1610 668
1620 672
1630 675
1640 676
1650 676
1660 677
1670 677
1680 677
1690 678
1700 678
1710 680
1720 681
1730 682
1740 683
1750 683
1760 684
1770 686
1780 686
1790 688
1800 690
1810 692
1820 693
1830 694
1840 696
1850 698
1860 698
1870 700
1880 703
1890 705
1900 709
1910 712
1920 714
1930 717
1940 722
1950 724
1960 726
1970 727
1980 728
1990 731
2000 734
2010 737
2020 739
2030 741
2040 743
2050 745
2060 749
2070 751
2080 752
2090 754
2100 756
2110 758
2120 759
2130 761
2140 764
2150 767
2160 771
2170 773
2180 775
2190 777
2200 778
2210 778
2220 779
2230 782
2240 784
2250 787
2260 788
2270 788
2280 790
2290 792
2300 794
2310 795
2320 797
2330 799
2340 801
2350 802
2360 803
2370 805
2380 806
2390 807
2400 807
2410 808
2420 811
2430 814
2440 816
2450 818
2460 818
2470 821
2480 824
2490 827
2500 827
2510 832
2520 832
2530 832
2540 832
2550 833
2560 833
2570 835
2580 839
2590 840
2600 842
2610 844
2620 848
2630 852
2640 854
2650 861
2660 863
2670 866
2680 869
2690 870
2700 872
2710 874
2720 876
2730 877
2740 881
2750 882
2760 885
2770 888
2780 890
2790 894
2800 894
2810 895
2820 899
2830 899
2840 901
2850 903
2860 904
2870 907
2880 909
2890 910
2900 914
2910 916
2920 919
2930 922
2940 925
2950 928
2960 929
2970 930
2980 933
2990 934
3000 938
3010 940
3020 941
3030 942
3040 944
3050 945
3060 947
3070 949
3080 952
3090 955
3100 955
3110 960
3120 961
3130 962
3140 964
3150 966
3160 969
3170 970
3180 972
3190 974
3200 974
3210 974
3220 978
3230 979
3240 982
3250 986
3260 990
3270 992
3280 995
3290 997
3300 997
3310 999
3320 1002
3330 1004
3340 1005
3350 1007
3360 1009
3370 1011
3380 1013
3390 1014
3400 1016
3410 1018
3420 1018
3430 1019
3440 1021
3450 1025
3460 1029
3470 1032
3480 1034
3490 1037
3500 1040
3510 1041
3520 1044
3530 1048
3540 1050
3550 1053
3560 1054
3570 1057
3580 1062
3590 1065
3600 1067
3610 1068
3620 1069
3630 1070
3640 1070
3650 1070
3660 1071
3670 1072
3680 1074
3690 1075
3700 1076
3710 1078
3720 1078
3730 1079
3740 1080
3750 1082
3760 1083
3770 1085
3780 1087
3790 1090
3800 1091
3810 1092
3820 1094
3830 1097
3840 1098
3850 1098
3860 1099
3870 1100
3880 1101
3890 1102
3900 1103
3910 1104
3920 1105
3930 1108
3940 1108
3950 1109
3960 1113
3970 1116
3980 1118
3990 1118
4000 1122
4010 1124
4020 1125
4030 1125
4040 1127
4050 1128
4060 1129
4070 1131
4080 1134
4090 1137
4100 1144
4110 1145
4120 1145
4130 1147
4140 1150
4150 1150
4160 1150
4170 1150
4180 1151
4190 1153
4200 1157
4210 1160
4220 1162
4230 1164
4240 1166
4250 1169
4260 1171
4270 1172
4280 1174
4290 1177
4300 1179
4310 1181
4320 1181
4330 1183
4340 1185
4350 1187
4360 1187
4370 1189
4380 1191
4390 1192
4400 1193
4410 1193
4420 1193
4430 1194
4440 1195
4450 1196
4460 1196
4470 1198
4480 1199
4490 1199
4500 1202
4510 1202
4520 1206
4530 1208
4540 1209
4550 1209
4560 1210
4570 1212
4580 1213
4590 1216
4600 1220
4610 1222
4620 1223
4630 1224
4640 1226
4650 1227
4660 1227
4670 1229
4680 1231
4690 1233
4700 1234
4710 1235
4720 1238
4730 1238
4740 1239
4750 1242
4760 1243
4770 1246
4780 1249
4790 1254
4800 1256
4810 1259
4820 1261
4830 1262
4840 1262
4850 1264
4860 1266
4870 1267
4880 1268
4890 1270
4900 1274
4910 1277
4920 1279
4930 1280
4940 1282
4950 1283
4960 1286
4970 1287
4980 1290
4990 1293
5000 1293
5010 1293
5020 1295
5030 1297
5040 1298
5050 1299
5060 1300
5070 1301
5080 1303
5090 1305
5100 1307
5110 1308
5120 1309
5130 1310
5140 1310
5150 1312
5160 1314
5170 1315
5180 1317
5190 1317
5200 1318
5210 1318
5220 1319
5230 1319
5240 1319
5250 1321
5260 1324
5270 1324
5280 1324
5290 1329
5300 1329
5310 1329
5320 1331
5330 1332
5340 1338
5350 1339
5360 1343
5370 1343
5380 1344
5390 1346
5400 1349
5410 1352
5420 1353
5430 1353
5440 1353
5450 1355
5460 1355
5470 1357
5480 1359
5490 1359
5500 1360
5510 1363
5520 1364
5530 1367
5540 1368
5550 1369
5560 1370
5570 1372
5580 1373
5590 1373
5600 1375
5610 1377
5620 1380
5630 1381
5640 1383
5650 1385
5660 1385
5670 1385
5680 1387
5690 1391
5700 1392
5710 1392
5720 1394
5730 1394
5740 1394
5750 1397
5760 1399
5770 1403
5780 1403
5790 1407
5800 1408
5810 1409
5820 1412
5830 1414
5840 1416
5850 1419
5860 1426
5870 1427
5880 1433
5890 1438
5900 1442
5910 1448
5920 1450
5930 1452
5940 1453
5950 1455
5960 1456
5970 1458
5980 1458
5990 1460
6000 1463
6010 1463
6020 1464
6030 1467
6040 1469
6050 1469
6060 1471
6070 1471
6080 1473
6090 1475
6100 1476
6110 1477
6120 1478
6130 1479
6140 1480
6150 1481
6160 1484
6170 1485
6180 1485
6190 1487
6200 1489
6210 1489
6220 1489
6230 1490
6240 1492
6250 1494
6260 1496
6270 1498
6280 1499
6290 1499
6300 1500
6310 1500
6320 1503
6330 1503
6340 1504
6350 1507
6360 1507
6370 1508
6380 1509
6390 1513
6400 1517
6410 1517
6420 1518
6430 1520
6440 1520
6450 1522
6460 1522
6470 1523
6480 1524
6490 1526
6500 1526
6510 1528
6520 1529
6530 1532
6540 1534
6550 1535
6560 1536
6570 1536
6580 1539
6590 1541
6600 1543
6610 1544
6620 1545
6630 1545
6640 1545
6650 1548
6660 1549
6670 1549
6680 1549
6690 1551
6700 1553
6710 1554
6720 1555
6730 1555
6740 1556
6750 1560
6760 1561
6770 1564
6780 1566
6790 1567
6800 1568
6810 1571
6820 1573
6830 1575
6840 1576
6850 1576
6860 1576
6870 1579
6880 1583
6890 1586
6900 1588
6910 1589
6920 1591
6930 1592
6940 1594
6950 1594
6960 1596
6970 1597
6980 1598
6990 1600
7000 1601
7010 1603
7020 1603
7030 1604
7040 1605
7050 1605
7060 1606
7070 1607
7080 1608
7090 1609
7100 1610
7110 1610
7120 1611
7130 1613
7140 1614
7150 1617
7160 1620
7170 1622
7180 1622
7190 1623
7200 1623
7210 1624
7220 1625
7230 1628
7240 1629
7250 1629
7260 1630
7270 1633
7280 1633
7290 1633
7300 1636
7310 1638
7320 1639
7330 1642
7340 1644
7350 1649
7360 1651
7370 1654
7380 1655
7390 1658
7400 1659
7410 1661
7420 1661
7430 1662
7440 1663
7450 1665
7460 1666
7470 1667
7480 1669
7490 1671
7500 1674
7510 1675
7520 1677
7530 1678
7540 1680
7550 1681
7560 1681
7570 1684
7580 1686
7590 1690
7600 1691
7610 1692
7620 1693
7630 1694
7640 1696
7650 1697
7660 1697
7670 1697
7680 1697
7690 1697
7700 1698
7710 1699
7720 1700
7730 1702
7740 1705
7750 1706
7760 1706
7770 1708
7780 1711
7790 1712
7800 1715
7810 1715
7820 1716
7830 1719
7840 1721
7850 1722
7860 1722
7870 1724
7880 1728
7890 1729
7900 1731
7910 1731
7920 1731
7930 1732
7940 1733
7950 1734
7960 1734
7970 1735
7980 1735
7990 1735
8000 1737
8010 1738
8020 1740
8030 1741
8040 1743
8050 1743
8060 1745
8070 1746
8080 1746
8090 1746
8100 1748
8110 1751
8120 1755
8130 1758
8140 1761
8150 1763
8160 1767
8170 1769
8180 1770
8190 1770
8200 1771
8210 1773
8220 1775
8230 1775
8240 1776
8250 1778
8260 1778
8270 1778
8280 1778
8290 1780
8300 1781
8310 1781
8320 1783
8330 1785
8340 1786
8350 1787
8360 1788
8370 1789
8380 1793
8390 1794
8400 1795
8410 1796
8420 1796
8430 1796
8440 1796
8450 1798
8460 1800
8470 1801
8480 1802
8490 1802
8500 1803
8510 1804
8520 1805
8530 1807
8540 1809
8550 1809
8560 1812
8570 1814
8580 1815
8590 1817
8600 1821
8610 1822
8620 1827
8630 1830
8640 1832
8650 1832
8660 1834
8670 1836
8680 1839
8690 1844
8700 1844
8710 1844
8720 1845
8730 1846
8740 1847
8750 1851
8760 1852
8770 1854
8780 1857
8790 1857
8800 1859
8810 1863
8820 1865
8830 1867
8840 1868
8850 1871
8860 1872
8870 1872
8880 1873
8890 1873
8900 1874
8910 1877
8920 1878
8930 1880
8940 1883
8950 1884
8960 1885
8970 1885
8980 1889
8990 1889
9000 1889
9010 1891
9020 1892
9030 1893
9040 1894
9050 1897
9060 1900
9070 1901
9080 1903
9090 1904
9100 1904
9110 1906
9120 1907
9130 1909
9140 1912
9150 1912
9160 1912
9170 1917
9180 1919
9190 1920
9200 1921
9210 1921
9220 1922
9230 1923
9240 1923
9250 1925
9260 1927
9270 1930
9280 1931
9290 1933
9300 1933
9310 1937
9320 1938
9330 1939
9340 1940
9350 1940
9360 1940
9370 1941
9380 1941
9390 1942
9400 1943
9410 1943
9420 1944
9430 1945
9440 1946
9450 1947
9460 1947
9470 1947
9480 1948
9490 1948
9500 1949
9510 1953
9520 1954
9530 1955
9540 1956
9550 1956
9560 1958
9570 1958
9580 1959
9590 1961
9600 1962
9610 1966
9620 1969
9630 1971
9640 1974
9650 1974
9660 1975
9670 1975
9680 1976
9690 1977
9700 1978
9710 1979
9720 1980
9730 1980
9740 1982
9750 1984
9760 1985
9770 1987
9780 1988
9790 1993
9800 1995
9810 1998
9820 1998
9830 1999
9840 1999
9850 2001
9860 2003
9870 2005
9880 2005
9890 2006
9900 2006
9910 2007
9920 2009
9930 2010
9940 2012
9950 2012
9960 2014
9970 2015
9980 2015
9990 2018
10000 2020
10010 2023
10020 2023
10030 2023
10040 2024
10050 2025
10060 2027
10070 2027
10080 2028
10090 2031
10100 2032
10110 2032
10120 2033
10130 2033
10140 2035
10150 2036
10160 2038
10170 2039
10180 2039
10190 2041
10200 2042
10210 2043
10220 2044
10230 2044
10240 2045
10250 2045
10260 2046
10270 2047
10280 2047
10290 2047
10300 2049
10310 2049
10320 2050
10330 2050
10340 2051
10350 2052
10360 2053
10370 2053
10380 2055
10390 2056
10400 2057
10410 2058
10420 2059
10430 2062
10440 2065
10450 2065
10460 2065
10470 2067
10480 2069
10490 2070
10500 2070
10510 2072
10520 2073
10530 2074
10540 2075
10550 2076
10560 2077
10570 2077
10580 2079
10590 2079
10600 2080
10610 2081
10620 2082
10630 2083
10640 2085
10650 2090
10660 2091
10670 2091
10680 2092
10690 2093
10700 2093
10710 2094
10720 2094
10730 2096
10740 2096
10750 2098
10760 2099
10770 2099
10780 2100
10790 2101
10800 2102
10810 2105
10820 2105
10830 2105
10840 2105
10850 2107
10860 2107
10870 2112
10880 2114
10890 2114
10900 2115
10910 2119
10920 2120
10930 2121
10940 2121
10950 2121
10960 2121
10970 2122
10980 2123
10990 2124
11000 2125
11010 2127
11020 2127
11030 2128
11040 2130
11050 2132
11060 2134
11070 2136
11080 2139
11090 2142
11100 2142
11110 2143
11120 2144
11130 2144
11140 2145
11150 2146
11160 2146
11170 2146
11180 2148
11190 2149
11200 2151
11210 2152
11220 2153
11230 2155
11240 2155
11250 2155
11260 2158
11270 2159
11280 2163
11290 2165
11300 2167
11310 2167
11320 2167
11330 2167
11340 2169
11350 2170
11360 2172
11370 2172
11380 2174
11390 2174
11400 2175
11410 2176
11420 2177
11430 2177
11440 2178
11450 2178
11460 2178
11470 2178
11480 2179
11490 2179
11500 2181
11510 2182
11520 2183
11530 2184
11540 2184
11550 2184
11560 2184
11570 2185
11580 2185
11590 2186
11600 2186
11610 2186
11620 2186
11630 2186
11640 2186
11650 2188
11660 2188
11670 2188
11680 2188
11690 2189
11700 2189
11710 2190
11720 2190
11730 2190
11740 2190
11750 2190
11760 2191
11770 2192
11780 2192
11790 2193
11800 2194
11810 2194
11820 2194
11830 2195
11840 2196
11850 2197
11860 2198
11870 2198
11880 2199
11890 2199
11900 2199
11910 2201
11920 2203
11930 2203
11940 2205
11950 2206
11960 2206
11970 2208
11980 2209
11990 2209
12000 2210
12010 2210
12020 2211
12030 2213
12040 2214
12050 2215
12060 2218
12070 2220
12080 2220
12090 2220
12100 2222
12110 2222
12120 2222
12130 2222
12140 2222
12150 2223
12160 2224
12170 2226
12180 2226
12190 2226
12200 2226
12210 2228
12220 2228
12230 2230
12240 2231
12250 2232
12260 2232
12270 2234
12280 2236
12290 2238
12300 2238
12310 2239
12320 2239
12330 2240
12340 2240
12350 2240
12360 2240
12370 2241
12380 2242
12390 2242
12400 2244
12410 2244
12420 2244
12430 2246
12440 2246
12450 2247
12460 2249
12470 2249
12480 2250
12490 2251
12500 2252
12510 2252
12520 2254
12530 2254
12540 2255
12550 2255
12560 2255
12570 2255
12580 2257
12590 2259
12600 2260
12610 2261
12620 2261
12630 2261
12640 2261
12650 2262
12660 2262
12670 2262
12680 2262
12690 2262
12700 2262
12710 2262
12720 2264
12730 2264
12740 2266
12750 2267
12760 2267
12770 2269
12780 2269
12790 2270
12800 2271
12810 2274
12820 2275
12830 2278
12840 2281
12850 2284
12860 2285
12870 2287
12880 2287
12890 2287
12900 2287
12910 2287
12920 2287
12930 2287
12940 2287
12950 2289
12960 2291
12970 2292
12980 2292
12990 2292
13000 2293
13010 2293
13020 2294
13030 2295
13040 2296
13050 2297
13060 2298
13070 2299
13080 2301
13090 2301
13100 2302
13110 2303
13120 2303
13130 2304
13140 2306
13150 2309
13160 2309
13170 2309
13180 2310
13190 2311
13200 2313
13210 2313
13220 2313
13230 2314
13240 2315
13250 2315
13260 2317
13270 2318
13280 2318
13290 2320
13300 2322
13310 2322
13320 2323
13330 2324
13340 2326
13350 2327
13360 2327
13370 2328
13380 2328
13390 2329
13400 2329
13410 2329
13420 2329
13430 2330
13440 2331
13450 2332
13460 2333
13470 2334
13480 2334
13490 2334
13500 2334
13510 2334
13520 2334
13530 2334
13540 2335
13550 2335
13560 2335
13570 2335
13580 2337
13590 2339
13600 2340
13610 2340
13620 2340
13630 2340
13640 2340
13650 2340
13660 2340
13670 2341
13680 2341
13690 2341
13700 2341
13710 2342
13720 2343
13730 2343
13740 2343
13750 2343
13760 2345
13770 2345
13780 2346
13790 2346
13800 2346
13810 2346
13820 2347
13830 2348
13840 2348
13850 2348
13860 2348
13870 2348
13880 2348
13890 2349
13900 2350
13910 2351
13920 2351
13930 2351
13940 2351
13950 2351
13960 2351
13970 2351
13980 2352
13990 2352
14000 2352
14010 2356
14020 2358
14030 2358
14040 2359
14050 2360
14060 2360
14070 2360
14080 2360
14090 2362
14100 2362
14110 2363
14120 2363
14130 2363
14140 2363
14150 2364
14160 2365
14170 2366
14180 2367
14190 2367
14200 2367
14210 2367
14220 2368
14230 2368
14240 2368
14250 2369
14260 2371
14270 2372
14280 2373
14290 2373
14300 2373
14310 2373
14320 2373
14330 2374
14340 2374
14350 2374
14360 2374
14370 2375
14380 2375
14390 2375
14400 2375
14410 2376
14420 2376
14430 2377
14440 2379
14450 2379
14460 2381
14470 2381
14480 2381
14490 2381
14500 2381
14510 2381
14520 2381
14530 2381
14540 2382
14550 2383
14560 2384
14570 2384
14580 2384
14590 2384
14600 2385
14610 2385
14620 2385
14630 2385
14640 2385
14650 2385
14660 2385
14670 2385
14680 2385
14690 2387
14700 2387
14710 2388
14720 2388
14730 2388
14740 2390
14750 2391
14760 2393
14770 2393
14780 2393
14790 2394
14800 2395
14810 2396
14820 2396
14830 2397
14840 2399
14850 2400
14860 2400
14870 2401
14880 2401
14890 2403
14900 2403
14910 2403
14920 2405
14930 2407
14940 2407
14950 2407
14960 2408
14970 2409
14980 2409
14990 2411
15000 2411
15010 2411
15020 2411
15030 2411
15040 2411
15050 2412
15060 2415
15070 2415
15080 2415
15090 2415
15100 2417
15110 2417
15120 2417
15130 2418
15140 2419
15150 2419
15160 2419
15170 2419
15180 2419
15190 2419
15200 2419
15210 2423
15220 2423
15230 2425
15240 2425
15250 2426
15260 2427
15270 2427
15280 2427
15290 2427
15300 2427
15310 2427
15320 2427
15330 2427
15340 2427
15350 2427
15360 2428
15370 2428
15380 2430
15390 2430
15400 2430
15410 2430
15420 2430
15430 2432
15440 2432
15450 2433
15460 2433
15470 2435
15480 2436
15490 2436
15500 2437
15510 2438
15520 2440
15530 2441
15540 2442
15550 2442
15560 2444
15570 2447
15580 2447
15590 2448
15600 2449
15610 2449
15620 2450
15630 2450
15640 2450
15650 2451
15660 2451
15670 2451
15680 2451
15690 2452
15700 2452
15710 2452
15720 2453
15730 2453
15740 2453
15750 2454
15760 2454
15770 2456
15780 2456
15790 2456
15800 2456
15810 2456
15820 2457
15830 2457
15840 2457
15850 2457
15860 2457
15870 2457
15880 2457
15890 2457
15900 2459
15910 2459
15920 2460
15930 2460
15940 2460
15950 2461
15960 2462
15970 2463
15980 2464
15990 2464
16000 2465
16010 2467
16020 2468
16030 2468
16040 2469
16050 2469
16060 2469
16070 2469
16080 2470
16090 2472
16100 2473
16110 2473
16120 2473
16130 2473
16140 2473
16150 2473
16160 2473
16170 2473
16180 2473
16190 2473
16200 2473
16210 2473
16220 2473
16230 2473
16240 2473
16250 2473
16260 2474
16270 2475
16280 2476
16290 2477
16300 2477
16310 2477
16320 2478
16330 2479
16340 2480
16350 2480
16360 2482
16370 2483
16380 2483
16390 2484
16400 2484
16410 2484
16420 2484
16430 2484
16440 2486
16450 2488
16460 2488
16470 2489
16480 2489
16490 2490
16500 2490
16510 2490
16520 2490
16530 2491
16540 2491
16550 2492
16560 2492
16570 2492
16580 2492
16590 2492
16600 2492
16610 2492
16620 2492
16630 2493
16640 2493
16650 2494
16660 2495
16670 2495
16680 2495
16690 2495
16700 2495
16710 2496
16720 2496
16730 2497
16740 2497
16750 2497
16760 2497
16770 2498
16780 2500
16790 2500
16800 2503
16810 2504
16820 2504
16830 2506
16840 2506
16850 2507
16860 2508
16870 2509
16880 2509
16890 2509
16900 2509
16910 2511
16920 2512
16930 2512
16940 2513
16950 2514
16960 2514
16970 2515
16980 2515
16990 2516
17000 2516
17010 2517
17020 2517
17030 2517
17040 2517
17050 2518
17060 2519
17070 2519
17080 2519
17090 2519
17100 2519
17110 2520
17120 2520
17130 2520
17140 2521
17150 2521
17160 2521
17170 2521
17180 2521
17190 2521
17200 2523
17210 2523
17220 2524
17230 2524
17240 2527
17250 2528
17260 2528
17270 2528
17280 2529
17290 2529
17300 2530
17310 2530
17320 2531
17330 2532
17340 2533
17350 2533
17360 2534
17370 2534
17380 2534
17390 2535
17400 2535
17410 2538
17420 2540
17430 2541
17440 2541
17450 2542
17460 2542
17470 2543
17480 2543
17490 2544
17500 2545
17510 2546
17520 2547
17530 2547
17540 2549
17550 2549
17560 2549
17570 2550
17580 2550
17590 2551
17600 2552
17610 2552
17620 2552
17630 2553
17640 2555
17650 2555
17660 2555
17670 2556
17680 2557
17690 2557
17700 2559
17710 2559
17720 2561
17730 2562
17740 2564
17750 2565
17760 2565
17770 2566
17780 2566
17790 2566
17800 2568
17810 2568
17820 2569
17830 2571
17840 2572
17850 2572
17860 2572
17870 2572
17880 2574
17890 2576
17900 2577
17910 2577
17920 2577
17930 2577
17940 2578
17950 2578
17960 2579
17970 2579
17980 2579
17990 2579
18000 2580
18010 2580
18020 2580
18030 2580
18040 2580
18050 2580
18060 2580
18070 2581
18080 2582
18090 2583
18100 2584
18110 2585
18120 2585
18130 2586
18140 2587
18150 2588
18160 2589
18170 2589
18180 2590
18190 2590
18200 2593
18210 2593
18220 2594
18230 2594
18240 2594
18250 2594
18260 2594
18270 2595
18280 2597
18290 2598
18300 2600
18310 2600
18320 2602
18330 2602
18340 2603
18350 2603
18360 2603
18370 2603
18380 2603
18390 2603
18400 2604
18410 2604
18420 2605
18430 2605
18440 2605
18450 2605
18460 2605
18470 2606
18480 2608
18490 2608
18500 2609
18510 2609
18520 2610
18530 2610
18540 2611
18550 2611
18560 2612
18570 2613
18580 2613
18590 2613
18600 2613
18610 2615
18620 2615
18630 2615
18640 2615
18650 2615
18660 2615
18670 2615
18680 2616
18690 2617
18700 2617
18710 2617
18720 2617
18730 2617
18740 2618
18750 2618
18760 2618
18770 2619
18780 2620
18790 2620
18800 2621
18810 2622
18820 2624
18830 2625
18840 2625
18850 2626
18860 2626
18870 2627
18880 2627
18890 2628
18900 2629
18910 2630
18920 2630
18930 2630
18940 2630
18950 2630
18960 2630
18970 2631
18980 2631
18990 2632
19000 2632
19010 2632
19020 2632
19030 2632
19040 2635
19050 2636
19060 2636
19070 2638
19080 2638
19090 2638
19100 2639
19110 2639
19120 2639
19130 2639
19140 2639
19150 2639
19160 2640
19170 2641
19180 2641
19190 2642
19200 2644
19210 2644
19220 2645
19230 2645
19240 2647
19250 2648
19260 2648
19270 2648
19280 2649
19290 2650
19300 2650
19310 2650
19320 2650
19330 2651
19340 2651
19350 2651
19360 2651
19370 2652
19380 2652
19390 2652
19400 2653
19410 2654
19420 2655
19430 2655
19440 2655
19450 2655
19460 2655
19470 2656
19480 2656
19490 2658
19500 2658
19510 2658
19520 2660
19530 2660
19540 2662
19550 2663
19560 2664
19570 2664
19580 2664
19590 2664
19600 2664
19610 2666
19620 2666
19630 2672
19640 2673
19650 2673
19660 2674
19670 2674
19680 2675
19690 2676
19700 2677
19710 2677
19720 2677
19730 2678
19740 2678
19750 2679
19760 2682
19770 2684
19780 2684
19790 2686
19800 2687
19810 2688
19820 2688
19830 2689
19840 2689
19850 2690
19860 2690
19870 2691
19880 2691
19890 2691
19900 2691
19910 2691
19920 2691
19930 2692
19940 2693
19950 2694
19960 2695
19970 2698
19980 2699
19990 2700
20000 2700
20010 2702
20020 2702
20030 2702
20040 2703
20050 2703
20060 2705
20070 2706
20080 2706
20090 2706
20100 2706
20110 2706
20120 2707
20130 2708
20140 2709
20150 2709
20160 2710
20170 2711
20180 2711
20190 2712
20200 2712
20210 2712
20220 2712
20230 2712
20240 2712
20250 2712
20260 2712
20270 2712
20280 2712
20290 2713
20300 2714
20310 2714
20320 2714
20330 2714
20340 2714
20350 2714
20360 2716
20370 2716
20380 2717
20390 2718
20400 2719
20410 2719
20420 2719
20430 2719
20440 2719
20450 2720
20460 2720
20470 2720
20480 2721
20490 2722
20500 2722
20510 2722
20520 2722
20530 2726
20540 2729
20550 2732
20560 2732
20570 2734
20580 2736
20590 2738
20600 2738
20610 2744
20620 2744
20630 2744
20640 2744
20650 2744
20660 2745
20670 2747
20680 2749
20690 2750
20700 2752
20710 2752
20720 2753
20730 2755
20740 2755
20750 2756
20760 2756
20770 2758
20780 2759
20790 2761
20800 2765
20810 2769
20820 2775
20830 2775
20840 2776
20850 2776
20860 2776
20870 2779
20880 2781
20890 2781
20900 2782
20910 2783
20920 2784
20930 2785
20940 2787
20950 2788
20960 2789
20970 2790
20980 2791
20990 2793
21000 2793
21010 2795
21020 2795
21030 2796
21040 2797
21050 2798
21060 2798
21070 2799
21080 2800
21090 2800
21100 2800
21110 2801
21120 2801
21130 2802
21140 2803
21150 2804
21160 2805
21170 2807
21180 2807
21190 2807
21200 2808
21210 2808
21220 2810
21230 2811
21240 2811
21250 2811
21260 2811
21270 2813
21280 2813
21290 2813
21300 2813
21310 2813
21320 2813
21330 2813
21340 2814
21350 2815
21360 2815
21370 2815
21380 2815
21390 2815
21400 2815
21410 2818
21420 2818
21430 2820
21440 2821
21450 2822
21460 2822
21470 2823
21480 2823
21490 2824
21500 2824
21510 2824
21520 2824
21530 2824
21540 2824
21550 2825
21560 2825
21570 2826
21580 2827
21590 2828
21600 2830
21610 2831
21620 2832
21630 2834
21640 2835
21650 2835
21660 2837
21670 2838
21680 2838
21690 2838
21700 2839
21710 2839
21720 2839
21730 2839
21740 2839
21750 2840
21760 2840
21770 2840
21780 2841
21790 2841
21800 2841
21810 2842
21820 2844
21830 2844
21840 2845
21850 2846
21860 2847
21870 2849
21880 2850
21890 2852
21900 2852
21910 2854
21920 2857
21930 2857
21940 2859
21950 2859
21960 2860
21970 2860
21980 2863
21990 2863
22000 2863
22010 2863
22020 2863
22030 2864
22040 2865
22050 2865
22060 2866
22070 2868
22080 2869
22090 2870
22100 2870
22110 2870
22120 2871
22130 2871
22140 2872
22150 2873
22160 2874
22170 2875
22180 2876
22190 2876
22200 2877
22210 2877
22220 2877
22230 2878
22240 2879
22250 2879
22260 2879
22270 2879
22280 2879
22290 2879
22300 2881
22310 2881
22320 2881
22330 2881
22340 2882
22350 2883
22360 2885
22370 2885
22380 2885
22390 2885
22400 2885
22410 2886
22420 2886
22430 2886
22440 2886
22450 2886
22460 2889
22470 2891
22480 2891
22490 2891
22500 2892
22510 2894
22520 2894
22530 2894
22540 2894
22550 2894
22560 2894
22570 2894
22580 2895
22590 2895
22600 2895
22610 2895
22620 2895
22630 2895
22640 2895
22650 2895
22660 2895
22670 2895
22680 2895
22690 2895
22700 2895
22710 2895
22720 2895
22730 2896
22740 2896
22750 2897
22760 2897
22770 2897
22780 2897
22790 2899
22800 2901
22810 2902
22820 2903
22830 2903
22840 2903
22850 2903
22860 2903
22870 2903
22880 2903
22890 2903
22900 2903
22910 2903
22920 2903
22930 2903
22940 2904
22950 2904
22960 2904
22970 2905
22980 2905
22990 2905
23000 2905
23010 2905
23020 2905
23030 2905
23040 2905
23050 2907
23060 2907
23070 2907
23080 2907
23090 2908
23100 2909
23110 2909
23120 2909
23130 2910
23140 2911
23150 2911
23160 2911
23170 2911
23180 2911
23190 2911
23200 2911
23210 2911
23220 2911
23230 2911
23240 2911
23250 2912
23260 2912
23270 2915
23280 2915
23290 2915
23300 2917
23310 2917
23320 2918
23330 2918
23340 2918
23350 2918
23360 2918
23370 2918
23380 2918
23390 2918
23400 2918
23410 2918
23420 2918
23430 2918
23440 2918
23450 2918
23460 2919
23470 2919
23480 2919
23490 2920
23500 2920
23510 2920
23520 2920
23530 2921
23540 2921
23550 2921
23560 2922
23570 2922
23580 2922
23590 2922
23600 2922
23610 2923
23620 2924
23630 2925
23640 2925
23650 2925
23660 2925
23670 2925
23680 2925
23690 2926
23700 2927
23710 2927
23720 2929
23730 2929
23740 2930
23750 2930
23760 2930
23770 2932
23780 2932
23790 2932
23800 2932
23810 2932
23820 2933
23830 2934
23840 2934
23850 2934
23860 2934
23870 2934
23880 2934
23890 2934
23900 2935
23910 2935
23920 2935
23930 2935
23940 2936
23950 2936
23960 2937
23970 2937
23980 2937
23990 2938
24000 2938
24010 2939
24020 2939
24030 2940
24040 2940
24050 2941
24060 2942
24070 2942
24080 2943
24090 2944
24100 2945
24110 2946
24120 2947
24130 2949
24140 2951
24150 2951
24160 2951
24170 2954
24180 2954
24190 2954
24200 2954
24210 2955
24220 2955
24230 2955
24240 2956
24250 2956
24260 2956
24270 2958
24280 2958
24290 2958
24300 2958
24310 2960
24320 2960
24330 2960
24340 2960
24350 2962
24360 2962
24370 2963
24380 2963
24390 2963
24400 2963
24410 2965
24420 2965
24430 2965
24440 2965
24450 2965
24460 2965
24470 2965
24480 2965
24490 2965
24500 2965
24510 2965
24520 2966
24530 2966
24540 2966
24550 2967
24560 2968
24570 2969
24580 2970
24590 2970
24600 2970
24610 2971
24620 2971
24630 2972
24640 2972
24650 2973
24660 2973
24670 2973
24680 2974
24690 2974
24700 2974
24710 2974
24720 2974
24730 2974
24740 2974
24750 2974
24760 2978
24770 2978
24780 2979
24790 2979
24800 2979
24810 2979
24820 2979
24830 2979
24840 2979
24850 2979
24860 2979
24870 2979
24880 2979
24890 2979
24900 2979
24910 2979
24920 2979
24930 2979
24940 2979
24950 2979
24960 2979
24970 2979
24980 2979
24990 2979
25000 2979
25010 2980
25020 2981
25030 2981
25040 2981
25050 2981
25060 2981
25070 2981
25080 2981
25090 2981
25100 2981
25110 2981
25120 2981
25130 2981
25140 2981
25150 2981
25160 2981
25170 2981
25180 2981
25190 2981
25200 2981
25210 2981
25220 2981
25230 2981
25240 2981
25250 2981
25260 2981
25270 2982
25280 2982
25290 2983
25300 2983
25310 2983
25320 2983
25330 2985
25340 2986
25350 2986
25360 2986
25370 2986
25380 2987
25390 2987
25400 2987
25410 2987
25420 2987
25430 2987
25440 2987
25450 2987
25460 2987
25470 2988
25480 2989
25490 2990
25500 2991
25510 2992
25520 2993
25530 2994
25540 2994
25550 2994
25560 2995
25570 2995
25580 2996
25590 2997
25600 2997
25610 2997
25620 2997
25630 2999
25640 2999
25650 2999
25660 3000
25670 3000
25680 3000
25690 3000
25700 3000
25710 3002
25720 3002
25730 3002
25740 3002
25750 3003
25760 3003
25770 3004
25780 3006
25790 3006
25800 3006
25810 3006
25820 3007
25830 3009
25840 3009
25850 3009
25860 3010
25870 3011
25880 3012
25890 3013
25900 3013
25910 3014
25920 3015
25930 3016
25940 3019
25950 3021
25960 3023
25970 3024
25980 3026
25990 3029
26000 3034
26010 3035
26020 3035
26030 3035
26040 3037
26050 3038
26060 3041
26070 3042
26080 3042
26090 3042
26100 3044
26110 3046
26120 3048
26130 3048
26140 3051
26150 3053
26160 3056
26170 3061
26180 3061
26190 3064
26200 3066
26210 3068
26220 3072
26230 3072
26240 3072
26250 3075
26260 3076
26270 3076
26280 3076
26290 3077
26300 3077
26310 3078
26320 3078
26330 3079
26340 3080
26350 3080
26360 3080
26370 3080
26380 3080
26390 3081
26400 3081
26410 3081
26420 3083
26430 3083
26440 3083
26450 3083
26460 3084
26470 3084
26480 3084
26490 3084
26500 3084
26510 3084
26520 3084
26530 3084
26540 3084
26550 3084
26560 3084
26570 3085
26580 3085
26590 3085
26600 3086
26610 3087
26620 3087
26630 3087
26640 3088
26650 3089
26660 3089
26670 3089
26680 3089
26690 3089
26700 3090
26710 3091
26720 3092
26730 3094
26740 3095
26750 3095
26760 3095
26770 3095
26780 3095
26790 3095
26800 3095
26810 3097
26820 3097
26830 3097
26840 3098
26850 3098
26860 3101
26870 3101
26880 3101
26890 3103
26900 3104
26910 3104
26920 3104
26930 3105
26940 3105
26950 3105
26960 3105
26970 3105
26980 3105
26990 3105
27000 3105
27010 3105
27020 3105
27030 3105
27040 3106
27050 3106
27060 3106
27070 3107
27080 3107
27090 3108
27100 3110
27110 3111
27120 3112
27130 3113
27140 3115
27150 3117
27160 3117
27170 3118
27180 3120
27190 3121
27200 3121
27210 3122
27220 3122
27230 3122
27240 3122
27250 3122
27260 3124
27270 3124
27280 3124
27290 3124
27300 3124
27310 3124
27320 3124
27330 3125
27340 3125
27350 3125
27360 3126
27370 3126
27380 3126
27390 3128
27400 3128
27410 3128
27420 3129
27430 3129
27440 3129
27450 3129
27460 3130
27470 3131
27480 3132
27490 3134
27500 3134
27510 3134
27520 3134
27530 3136
27540 3138
27550 3139
27560 3140
27570 3141
27580 3142
27590 3142
27600 3143
27610 3143
27620 3143
27630 3143
27640 3143
27650 3143
27660 3144
27670 3144
27680 3144
27690 3144
27700 3144
27710 3144
27720 3144
27730 3144
27740 3144
27750 3145
27760 3145
27770 3145
27780 3145
27790 3146
27800 3146
27810 3146
27820 3146
27830 3146
27840 3146
27850 3146
27860 3146
27870 3146
27880 3146
27890 3146
27900 3146
27910 3148
27920 3148
27930 3149
27940 3149
27950 3149
27960 3149
27970 3149
27980 3150
27990 3151
28000 3153
28010 3155
28020 3155
28030 3155
28040 3155
28050 3156
28060 3156
28070 3157
28080 3157
28090 3157
28100 3157
28110 3157
28120 3157
28130 3157
28140 3157
28150 3158
28160 3158
28170 3158
28180 3158
28190 3158
28200 3159
28210 3159
28220 3160
28230 3160
28240 3160
28250 3161
28260 3161
28270 3162
28280 3162
28290 3162
28300 3162
28310 3162
28320 3162
28330 3162
28340 3163
28350 3164
28360 3164
28370 3165
28380 3165
28390 3165
28400 3165
28410 3165
28420 3166
28430 3167
28440 3167
28450 3167
28460 3167
28470 3167
28480 3167
28490 3167
28500 3168
28510 3168
28520 3168
28530 3168
28540 3168
28550 3168
28560 3168
28570 3168
28580 3169
28590 3169
28600 3169
28610 3170
28620 3170
28630 3170
28640 3171
28650 3171
28660 3171
28670 3171
28680 3171
28690 3171
28700 3172
28710 3172
28720 3172
28730 3172
28740 3172
28750 3172
28760 3172
28770 3172
28780 3172
28790 3172
28800 3172
28810 3172
28820 3172
28830 3172
28840 3172
28850 3172
28860 3172
28870 3172
28880 3173
28890 3175
28900 3176
28910 3176
28920 3177
28930 3177
28940 3180
28950 3180
28960 3180
28970 3181
28980 3182
28990 3183
29000 3183
29010 3183
29020 3184
29030 3184
29040 3185
29050 3185
29060 3185
29070 3185
29080 3185
29090 3186
29100 3186
29110 3187
29120 3187
29130 3187
29140 3187
29150 3187
29160 3188
29170 3188
29180 3188
29190 3188
29200 3188
29210 3188
29220 3188
29230 3188
29240 3188
29250 3188
29260 3189
29270 3189
29280 3190
29290 3191
29300 3191
29310 3191
29320 3191
29330 3194
29340 3194
29350 3195
29360 3196
29370 3196
29380 3196
29390 3196
29400 3196
29410 3196
29420 3196
29430 3196
29440 3196
29450 3196
29460 3196
29470 3196
29480 3196
29490 3196
29500 3196
29510 3198
29520 3198
29530 3198
29540 3198
29550 3199
29560 3200
29570 3200
29580 3200
29590 3203
29600 3205
29610 3206
29620 3206
29630 3206
29640 3207
29650 3207
29660 3207
29670 3207
29680 3208
29690 3209
29700 3210
29710 3210
29720 3212
29730 3212
29740 3214
29750 3215
29760 3217
29770 3217
29780 3217
29790 3218
29800 3218
29810 3219
29820 3219
29830 3219
29840 3220
29850 3221
29860 3221
29870 3221
29880 3221
29890 3222
29900 3222
29910 3223
29920 3223
29930 3225
29940 3225
29950 3226
29960 3226
29970 3226
29980 3227
29990 3227
30000 3230
30010 3230
30020 3230
30030 3230
30040 3231
30050 3232
30060 3233
30070 3234
30080 3235
30090 3235
30100 3235
30110 3235
30120 3235
30130 3237
30140 3238
30150 3238
30160 3238
30170 3238
30180 3238
30190 3238
30200 3238
30210 3239
30220 3239
30230 3239
30240 3239
30250 3240
30260 3240
30270 3241
30280 3241
30290 3241
30300 3242
30310 3242
30320 3242
30330 3243
30340 3244
30350 3244
30360 3245
30370 3246
30380 3247
30390 3247
30400 3247
30410 3247
30420 3247
30430 3247
30440 3247
30450 3247
30460 3249
30470 3249
30480 3249
30490 3249
30500 3250
30510 3251
30520 3251
30530 3253
30540 3253
30550 3253
30560 3253
30570 3255
30580 3255
30590 3256
30600 3258
30610 3258
30620 3259
30630 3259
30640 3260
30650 3261
30660 3263
30670 3263
30680 3264
30690 3264
30700 3264
30710 3266
30720 3267
30730 3267
30740 3267
30750 3267
30760 3267
30770 3268
30780 3268
30790 3269
30800 3271
30810 3271
30820 3271
30830 3271
30840 3273
30850 3274
30860 3276
30870 3277
30880 3277
30890 3277
30900 3277
30910 3278
30920 3278
30930 3278
30940 3279
30950 3279
30960 3279
30970 3279
30980 3280
30990 3281
31000 3282
31010 3282
31020 3282
31030 3282
31040 3283
31050 3283
31060 3283
31070 3283
31080 3285
31090 3286
31100 3287
31110 3287
31120 3289
31130 3290
31140 3291
31150 3291
31160 3293
31170 3294
31180 3295
31190 3295
31200 3295
31210 3296
31220 3296
31230 3296
31240 3296
31250 3297
31260 3297
31270 3297
31280 3297
31290 3297
31300 3297
31310 3297
31320 3297
31330 3298
31340 3298
31350 3298
31360 3298
31370 3298
31380 3298
31390 3298
31400 3298
31410 3298
31420 3299
31430 3299
31440 3299
31450 3299
31460 3299
31470 3299
31480 3300
31490 3301
31500 3301
31510 3301
31520 3301
31530 3301
31540 3301
31550 3302
31560 3303
31570 3304
31580 3304
31590 3304
31600 3304
31610 3304
31620 3304
31630 3304
31640 3305
31650 3305
31660 3305
31670 3306
31680 3307
31690 3307
31700 3308
31710 3308
31720 3308
31730 3310
31740 3310
31750 3310
31760 3312
31770 3312
31780 3313
31790 3314
31800 3314
31810 3314
31820 3315
31830 3315
31840 3315
31850 3315
31860 3315
31870 3317
31880 3317
31890 3317
31900 3317
31910 3318
31920 3320
31930 3320
31940 3322
31950 3323
31960 3323
31970 3323
31980 3323
31990 3323
32000 3323
32010 3323
32020 3323
32030 3324
32040 3324
32050 3324
32060 3324
32070 3324
32080 3324
32090 3324
32100 3324
32110 3324
32120 3325
32130 3327
32140 3327
32150 3327
32160 3328
32170 3328
32180 3328
32190 3329
32200 3329
32210 3329
32220 3329
32230 3329
32240 3329
32250 3330
32260 3330
32270 3331
32280 3332
32290 3333
32300 3334
32310 3334
32320 3334
32330 3335
32340 3336
32350 3336
32360 3337
32370 3338
32380 3338
32390 3338
32400 3338
32410 3339
32420 3339
32430 3340
32440 3340
32450 3340
32460 3340
32470 3341
32480 3342
32490 3342
32500 3342
32510 3342
32520 3342
32530 3343
32540 3344
32550 3345
32560 3345
32570 3346
32580 3346
32590 3346
32600 3347
32610 3347
32620 3347
32630 3347
32640 3347
32650 3349
32660 3349
32670 3350
32680 3351
32690 3351
32700 3351
32710 3352
32720 3353
32730 3354
32740 3354
32750 3354
32760 3355
32770 3355
32780 3356
32790 3356
32800 3357
32810 3357
32820 3358
32830 3359
32840 3360
32850 3360
32860 3360
32870 3360
32880 3360
32890 3360
32900 3360
32910 3360
32920 3360
32930 3360
32940 3360
32950 3360
32960 3360
32970 3360
32980 3360
32990 3360
33000 3360
33010 3361
33020 3361
33030 3361
33040 3361
33050 3362
33060 3362
33070 3362
33080 3362
33090 3362
33100 3363
33110 3363
33120 3363
33130 3363
33140 3363
33150 3363
33160 3363
33170 3363
33180 3363
33190 3364
33200 3364
33210 3364
33220 3364
33230 3364
33240 3365
33250 3365
33260 3365
33270 3365
33280 3366
33290 3366
33300 3366
33310 3366
33320 3366
33330 3366
33340 3366
33350 3367
33360 3368
33370 3368
33380 3368
33390 3369
33400 3369
33410 3369
33420 3369
33430 3369
33440 3370
33450 3370
33460 3370
33470 3370
33480 3371
33490 3371
33500 3373
33510 3373
33520 3373
33530 3374
33540 3374
33550 3374
33560 3374
33570 3374
33580 3375
33590 3375
33600 3375
33610 3375
33620 3376
33630 3377
33640 3377
33650 3377
33660 3378
33670 3379
33680 3382
33690 3382
33700 3383
33710 3384
33720 3384
33730 3385
33740 3385
33750 3385
33760 3385
33770 3386
33780 3387
33790 3387
33800 3387
33810 3387
33820 3387
33830 3387
33840 3387
33850 3387
33860 3387
33870 3387
33880 3389
33890 3389
33900 3389
33910 3389
33920 3389
33930 3389
33940 3390
33950 3390
33960 3392
33970 3392
33980 3392
33990 3394
34000 3395
34010 3396
34020 3396
34030 3397
34040 3398
34050 3398
34060 3398
34070 3398
34080 3399
34090 3399
34100 3399
34110 3399
34120 3399
34130 3400
34140 3402
34150 3403
34160 3403
34170 3403
34180 3403
34190 3403
34200 3403
34210 3403
34220 3404
34230 3404
34240 3405
34250 3405
34260 3405
34270 3405
34280 3407
34290 3408
34300 3408
34310 3409
34320 3410
34330 3410
34340 3410
34350 3410
34360 3411
34370 3412
34380 3416
34390 3419
34400 3420
34410 3422
34420 3422
34430 3423
34440 3423
34450 3423
34460 3423
34470 3423
34480 3423
34490 3423
34500 3423
34510 3423
34520 3424
34530 3424
34540 3424
34550 3424
34560 3425
34570 3426
34580 3427
34590 3429
34600 3430
34610 3430
34620 3430
34630 3431
34640 3431
34650 3431
34660 3432
34670 3432
34680 3432
34690 3433
34700 3433
34710 3433
34720 3434
34730 3434
34740 3434
34750 3434
34760 3434
34770 3434
34780 3434
34790 3435
34800 3435
34810 3435
34820 3435
34830 3435
34840 3436
34850 3436
34860 3436
34870 3436
34880 3436
34890 3436
34900 3436
34910 3436
34920 3436
34930 3436
34940 3436
34950 3436
34960 3436
34970 3437
34980 3438
34990 3438
35000 3438
35010 3438
35020 3438
35030 3438
35040 3438
35050 3439
35060 3440
35070 3441
35080 3441
35090 3441
35100 3441
35110 3441
35120 3441
35130 3441
35140 3441
35150 3442
35160 3442
35170 3442
35180 3442
35190 3442
35200 3442
35210 3442
35220 3442
35230 3442
35240 3442
35250 3443
35260 3443
35270 3444
35280 3444
35290 3444
35300 3444
35310 3444
35320 3444
35330 3444
35340 3444
35350 3444
35360 3444
35370 3444
35380 3444
35390 3444
35400 3444
35410 3445
35420 3445
35430 3445
35440 3445
35450 3445
35460 3445
35470 3445
35480 3445
35490 3445
35500 3445
35510 3446
35520 3446
35530 3446
35540 3446
35550 3446
35560 3446
35570 3448
35580 3448
35590 3449
35600 3450
35610 3450
35620 3450
35630 3452
35640 3453
35650 3453
35660 3453
35670 3453
35680 3453
35690 3453
35700 3453
35710 3454
35720 3455
35730 3456
35740 3456
35750 3457
35760 3457
35770 3457
35780 3457
35790 3458
35800 3458
35810 3458
35820 3458
35830 3458
35840 3459
35850 3459
35860 3460
35870 3460
35880 3460
35890 3460
35900 3460
35910 3460
35920 3460
35930 3460
35940 3460
35950 3460
35960 3460
35970 3460
35980 3462
35990 3463
36000 3465
36010 3465
36020 3465
36030 3465
36040 3466
36050 3466
36060 3467
36070 3469
36080 3469
36090 3469
36100 3469
36110 3469
36120 3469
36130 3470
36140 3470
36150 3471
36160 3471
36170 3472
36180 3473
36190 3473
36200 3473
36210 3473
36220 3474
36230 3474
36240 3474
36250 3474
36260 3475
36270 3475
36280 3476
36290 3476
36300 3477
36310 3478
36320 3479
36330 3479
36340 3479
36350 3479
36360 3480
36370 3480
36380 3480
36390 3482
36400 3482
36410 3482
36420 3482
36430 3483
36440 3483
36450 3484
36460 3484
36470 3484
36480 3484
36490 3484
36500 3484
36510 3484
36520 3484
36530 3484
36540 3484
36550 3484
36560 3484
36570 3484
36580 3484
36590 3484
36600 3485
36610 3486
36620 3486
36630 3487
36640 3487
36650 3487
36660 3487
36670 3488
36680 3488
36690 3488
36700 3489
36710 3489
36720 3492
36730 3492
36740 3492
36750 3495
36760 3496
36770 3496
36780 3496
36790 3497
36800 3497
36810 3497
36820 3497
36830 3497
36840 3498
36850 3498
36860 3498
36870 3498
36880 3498
36890 3498
36900 3498
36910 3498
36920 3498
36930 3498
36940 3498
36950 3498
36960 3498
36970 3498
36980 3498
36990 3499
37000 3500
37010 3500
37020 3500
37030 3500
37040 3500
37050 3500
37060 3500
37070 3501
37080 3502
37090 3502
37100 3503
37110 3504
37120 3504
37130 3504
37140 3504
37150 3505
37160 3505
37170 3506
37180 3506
37190 3507
37200 3507
37210 3507
37220 3507
37230 3507
37240 3507
37250 3507
37260 3507
37270 3507
37280 3507
37290 3507
37300 3507
37310 3507
37320 3507
37330 3507
37340 3507
37350 3507
37360 3507
37370 3507
37380 3507
37390 3507
37400 3507
37410 3507
37420 3507
37430 3507
37440 3507
37450 3507
37460 3508
37470 3508
37480 3508
37490 3509
37500 3509
37510 3509
37520 3509
37530 3509
37540 3509
37550 3510
37560 3510
37570 3510
37580 3510
37590 3510
37600 3511
37610 3511
37620 3511
37630 3511
37640 3512
37650 3512
37660 3512
37670 3512
37680 3512
37690 3513
37700 3513
37710 3513
37720 3515
37730 3517
37740 3520
37750 3522
37760 3525
37770 3527
37780 3527
37790 3528
37800 3528
37810 3528
37820 3528
37830 3528
37840 3528
37850 3528
37860 3529
37870 3529
37880 3529
37890 3529
37900 3529
37910 3529
37920 3529
37930 3529
37940 3529
37950 3529
37960 3529
37970 3529
37980 3529
37990 3529
38000 3529
38010 3529
38020 3529
38030 3529
38040 3530
38050 3530
38060 3530
38070 3530
38080 3530
38090 3531
38100 3531
38110 3531
38120 3532
38130 3532
38140 3532
38150 3532
38160 3532
38170 3532
38180 3532
38190 3532
38200 3533
38210 3533
38220 3533
38230 3533
38240 3533
38250 3534
38260 3534
38270 3534
38280 3534
38290 3534
38300 3534
38310 3535
38320 3535
38330 3535
38340 3535
38350 3536
38360 3536
38370 3536
38380 3536
38390 3536
38400 3536
38410 3537
38420 3538
38430 3539
38440 3539
38450 3539
38460 3539
38470 3539
38480 3539
38490 3539
38500 3539
38510 3540
38520 3542
38530 3542
38540 3543
38550 3543
38560 3544
38570 3544
38580 3545
38590 3546
38600 3546
38610 3546
38620 3548
38630 3551
38640 3551
38650 3553
38660 3554
38670 3554
38680 3554
38690 3554
38700 3555
38710 3556
38720 3556
38730 3556
38740 3556
38750 3557
38760 3557
38770 3557
38780 3558
38790 3560
38800 3560
38810 3560
38820 3560
38830 3560
38840 3560
38850 3560
38860 3560
38870 3561
38880 3561
38890 3561
38900 3563
38910 3563
38920 3564
38930 3565
38940 3565
38950 3565
38960 3565
38970 3565
38980 3567
38990 3568
39000 3569
39010 3570
39020 3570
39030 3570
39040 3571
39050 3571
39060 3571
39070 3571
39080 3571
39090 3571
39100 3571
39110 3571
39120 3571
39130 3571
39140 3571
39150 3571
39160 3571
39170 3571
39180 3571
39190 3571
39200 3571
39210 3571
39220 3573
39230 3573
39240 3573
39250 3573
39260 3573
39270 3574
39280 3574
39290 3574
39300 3574
39310 3574
39320 3574
39330 3575
39340 3575
39350 3575
39360 3575
39370 3575
39380 3575
39390 3575
39400 3575
39410 3575
39420 3575
39430 3576
39440 3576
39450 3576
39460 3576
39470 3576
39480 3576
39490 3576
39500 3576
39510 3576
39520 3576
39530 3577
39540 3577
39550 3578
39560 3579
39570 3579
39580 3579
39590 3579
39600 3579
39610 3579
39620 3582
39630 3583
39640 3585
39650 3587
39660 3589
39670 3590
39680 3590
39690 3592
39700 3593
39710 3594
39720 3596
39730 3596
39740 3596
39750 3596
39760 3597
39770 3597
39780 3598
39790 3599
39800 3599
39810 3600
39820 3600
39830 3600
39840 3600
39850 3600
39860 3602
39870 3603
39880 3604
39890 3605
39900 3609
39910 3609
39920 3609
39930 3609
39940 3609
39950 3609
39960 3610
39970 3610
39980 3612
39990 3613
40000 3613
40010 3613
40020 3613
40030 3613
40040 3614
40050 3614
40060 3614
40070 3614
40080 3614
40090 3614
40100 3614
40110 3614
40120 3614
40130 3616
40140 3616
40150 3616
40160 3616
40170 3616
40180 3616
40190 3616
40200 3616
40210 3616
40220 3616
40230 3616
40240 3616
40250 3616
40260 3616
40270 3616
40280 3616
40290 3616
40300 3616
40310 3616
40320 3616
40330 3616
40340 3616
40350 3617
40360 3617
40370 3617
40380 3617
40390 3619
40400 3619
40410 3619
40420 3619
40430 3619
40440 3619
40450 3619
40460 3620
40470 3620
40480 3620
40490 3620
40500 3620
40510 3620
40520 3620
40530 3620
40540 3620
40550 3621
40560 3621
40570 3621
40580 3621
40590 3622
40600 3623
40610 3623
40620 3623
40630 3624
40640 3624
40650 3625
40660 3625
40670 3625
40680 3625
40690 3625
40700 3625
40710 3625
40720 3625
40730 3625
40740 3626
40750 3627
40760 3627
40770 3627
40780 3627
40790 3629
40800 3629
40810 3629
40820 3631
40830 3631
40840 3631
40850 3632
40860 3632
40870 3632
40880 3632
40890 3632
40900 3632
40910 3632
40920 3634
40930 3634
40940 3635
40950 3636
40960 3637
40970 3638
40980 3638
40990 3640
41000 3640
41010 3641
41020 3643
41030 3645
41040 3647
41050 3650
41060 3650
41070 3650
41080 3650
41090 3650
41100 3650
41110 3650
41120 3650
41130 3650
41140 3650
41150 3651
41160 3651
41170 3652
41180 3652
41190 3652
41200 3652
41210 3652
41220 3652
41230 3652
41240 3654
41250 3654
41260 3655
41270 3655
41280 3655
41290 3655
41300 3656
41310 3656
41320 3656
41330 3656
41340 3656
41350 3656
41360 3656
41370 3656
41380 3656
41390 3656
41400 3656
41410 3656
41420 3657
41430 3657
41440 3658
41450 3658
41460 3658
41470 3658
41480 3658
41490 3658
41500 3658
41510 3658
41520 3658
41530 3659
41540 3660
41550 3660
41560 3660
41570 3660
41580 3661
41590 3662
41600 3662
41610 3662
41620 3662
41630 3662
41640 3662
41650 3663
41660 3663
41670 3665
41680 3665
41690 3666
41700 3666
41710 3666
41720 3667
41730 3667
41740 3667
41750 3668
41760 3668
41770 3669
41780 3669
41790 3669
41800 3670
41810 3670
41820 3671
41830 3671
41840 3671
41850 3671
41860 3671
41870 3671
41880 3672
41890 3673
41900 3673
41910 3673
41920 3674
41930 3676
41940 3676
41950 3677
41960 3677
41970 3677
41980 3677
41990 3678
42000 3678
42010 3679
42020 3679
42030 3679
42040 3679
42050 3679
42060 3679
42070 3680
42080 3683
42090 3684
42100 3684
42110 3685
42120 3685
42130 3686
42140 3686
42150 3686
42160 3686
42170 3686
42180 3687
42190 3687
42200 3687
42210 3687
42220 3687
42230 3689
42240 3689
42250 3690
42260 3690
42270 3690
42280 3691
42290 3691
42300 3692
42310 3692
42320 3692
42330 3692
42340 3692
42350 3692
42360 3692
42370 3692
42380 3692
42390 3692
42400 3692
42410 3692
42420 3692
42430 3692
42440 3692
42450 3692
42460 3692
42470 3692
42480 3692
42490 3692
42500 3693
42510 3694
42520 3694
42530 3694
42540 3694
42550 3694
42560 3694
42570 3694
42580 3694
42590 3694
42600 3694
42610 3695
42620 3695
42630 3695
42640 3695
42650 3695
42660 3695
42670 3695
42680 3695
42690 3695
42700 3695
42710 3696
42720 3696
42730 3697
42740 3698
42750 3698
42760 3702
42770 3702
42780 3703
42790 3705
42800 3707
42810 3707
42820 3707
42830 3707
42840 3709
42850 3710
42860 3716
42870 3716
42880 3719
42890 3721
42900 3721
42910 3724
42920 3725
42930 3726
42940 3726
42950 3727
42960 3727
42970 3727
42980 3727
42990 3727
43000 3727
43010 3727
43020 3727
43030 3727
43040 3727
43050 3728
43060 3729
43070 3729
43080 3729
43090 3730
43100 3730
43110 3732
43120 3732
43130 3734
43140 3734
43150 3734
43160 3734
43170 3734
43180 3734
43190 3734
43200 3735
43210 3736
43220 3736
43230 3736
43240 3736
43250 3736
43260 3736
43270 3738
43280 3738
43290 3738
43300 3738
43310 3738
43320 3738
43330 3738
43340 3738
43350 3738
43360 3738
43370 3738
43380 3738
43390 3738
43400 3741
43410 3744
43420 3744
43430 3744
43440 3744
43450 3744
43460 3744
43470 3744
43480 3744
43490 3745
43500 3745
43510 3745
43520 3745
43530 3745
43540 3745
43550 3745
43560 3745
43570 3745
43580 3746
43590 3746
43600 3746
43610 3746
43620 3747
43630 3747
43640 3747
43650 3747
43660 3747
43670 3747
43680 3747
43690 3748
43700 3749
43710 3749
43720 3749
43730 3750
43740 3750
43750 3750
43760 3751
43770 3751
43780 3752
43790 3752
43800 3752
43810 3753
43820 3753
43830 3753
43840 3753
43850 3754
43860 3755
43870 3755
43880 3755
43890 3755
43900 3756
43910 3756
43920 3756
43930 3756
43940 3756
43950 3756
43960 3758
43970 3760
43980 3761
43990 3761
44000 3761
44010 3761
44020 3763
44030 3765
44040 3765
44050 3766
44060 3766
44070 3766
44080 3767
44090 3767
44100 3769
44110 3770
44120 3770
44130 3771
44140 3772
44150 3773
44160 3773
44170 3773
44180 3773
44190 3774
44200 3774
44210 3774
44220 3774
44230 3774
44240 3774
44250 3775
44260 3775
44270 3775
44280 3775
44290 3775
44300 3775
44310 3775
44320 3775
44330 3775
44340 3776
44350 3776
44360 3776
44370 3776
44380 3776
44390 3777
44400 3778
44410 3779
44420 3779
44430 3779
44440 3779
44450 3780
44460 3781
44470 3781
44480 3781
44490 3781
44500 3781
44510 3781
44520 3781
44530 3781
44540 3782
44550 3782
44560 3782
44570 3782
44580 3782
44590 3782
44600 3782
44610 3782
44620 3782
44630 3783
44640 3784
44650 3784
44660 3786
44670 3786
44680 3786
44690 3786
44700 3786
44710 3786
44720 3786
44730 3786
44740 3786
44750 3789
44760 3790
44770 3790
44780 3791
44790 3791
44800 3792
44810 3792
44820 3792
44830 3793
44840 3793
44850 3793
44860 3793
44870 3793
44880 3793
44890 3793
44900 3794
44910 3797
44920 3797
44930 3797
44940 3797
44950 3797
44960 3797
44970 3798
44980 3798
44990 3798
45000 3798
45010 3799
45020 3799
45030 3799
45040 3799
45050 3799
45060 3800
45070 3800
45080 3800
45090 3800
45100 3800
45110 3803
45120 3803
45130 3803
45140 3803
45150 3803
45160 3803
45170 3803
45180 3803
45190 3805
45200 3806
45210 3808
45220 3808
45230 3808
45240 3809
45250 3809
45260 3809
45270 3810
45280 3812
45290 3812
45300 3814
45310 3814
45320 3816
45330 3818
45340 3818
45350 3820
45360 3820
45370 3820
45380 3821
45390 3821
45400 3821
45410 3822
45420 3822
45430 3823
45440 3823
45450 3823
45460 3823
45470 3824
45480 3826
45490 3827
45500 3827
45510 3827
45520 3827
45530 3827
45540 3827
45550 3827
45560 3827
45570 3827
45580 3827
45590 3827
45600 3828
45610 3828
45620 3829
45630 3829
45640 3829
45650 3830
45660 3830
45670 3830
45680 3830
45690 3832
45700 3833
45710 3834
45720 3834
45730 3835
45740 3835
45750 3835
45760 3835
45770 3835
45780 3835
45790 3835
45800 3835
45810 3835
45820 3835
45830 3835
45840 3836
45850 3836
45860 3837
45870 3837
45880 3837
45890 3837
45900 3839
45910 3839
45920 3840
45930 3841
45940 3841
45950 3841
45960 3841
45970 3841
45980 3841
45990 3842
46000 3842
46010 3842
46020 3843
46030 3844
46040 3846
46050 3846
46060 3847
46070 3848
46080 3848
46090 3848
46100 3849
46110 3849
46120 3849
46130 3849
46140 3849
46150 3849
46160 3849
46170 3849
46180 3849
46190 3850
46200 3850
46210 3850
46220 3850
46230 3850
46240 3852
46250 3852
46260 3853
46270 3853
46280 3853
46290 3853
46300 3853
46310 3854
46320 3854
46330 3855
46340 3855
46350 3857
46360 3857
46370 3857
46380 3858
46390 3859
46400 3859
46410 3859
46420 3859
46430 3859
46440 3859
46450 3859
46460 3860
46470 3861
46480 3861
46490 3861
46500 3861
46510 3861
46520 3861
46530 3861
46540 3861
46550 3862
46560 3863
46570 3864
46580 3864
46590 3865
46600 3865
46610 3865
46620 3865
46630 3865
46640 3865
46650 3865
46660 3865
46670 3865
46680 3867
46690 3867
46700 3868
46710 3868
46720 3868
46730 3868
46740 3869
46750 3869
46760 3870
46770 3870
46780 3871
46790 3871
46800 3872
46810 3872
46820 3872
46830 3873
46840 3873
46850 3874
46860 3874
46870 3874
46880 3874
46890 3874
46900 3874
46910 3874
46920 3874
46930 3874
46940 3874
46950 3875
46960 3875
46970 3875
46980 3875
46990 3875
47000 3875
47010 3875
47020 3876
47030 3877
47040 3877
47050 3877
47060 3877
47070 3877
47080 3877
47090 3877
47100 3877
47110 3877
47120 3877
47130 3878
47140 3879
47150 3880
47160 3881
47170 3881
47180 3881
47190 3881
47200 3881
47210 3882
47220 3882
47230 3882
47240 3885
47250 3886
47260 3886
47270 3887
47280 3887
47290 3887
47300 3887
47310 3887
47320 3890
47330 3890
47340 3890
47350 3890
47360 3891
47370 3891
47380 3892
47390 3892
47400 3893
47410 3893
47420 3893
47430 3895
47440 3895
47450 3895
47460 3896
47470 3896
47480 3897
47490 3897
47500 3897
47510 3897
47520 3897
47530 3897
47540 3897
47550 3898
47560 3899
47570 3899
47580 3899
47590 3900
47600 3900
47610 3900
47620 3900
47630 3900
47640 3900
47650 3900
47660 3900
47670 3900
47680 3900
47690 3900
47700 3900
47710 3902
47720 3903
47730 3903
47740 3903
47750 3904
47760 3904
47770 3905
47780 3905
47790 3906
47800 3906
47810 3906
47820 3906
47830 3906
47840 3906
47850 3906
47860 3906
47870 3906
47880 3906
47890 3907
47900 3909
47910 3911
47920 3912
47930 3913
47940 3914
47950 3914
47960 3914
47970 3914
47980 3915
47990 3915
48000 3915
48010 3915
48020 3915
48030 3915
48040 3915
48050 3915
48060 3915
48070 3917
48080 3917
48090 3917
48100 3917
48110 3918
48120 3919
48130 3919
48140 3919
48150 3919
48160 3919
48170 3920
48180 3920
48190 3920
48200 3920
48210 3920
48220 3921
48230 3922
48240 3922
48250 3922
48260 3922
48270 3922
48280 3922
48290 3923
48300 3923
48310 3926
48320 3928
48330 3928
48340 3928
48350 3928
48360 3928
48370 3928
48380 3929
48390 3930
48400 3931
48410 3932
48420 3935
48430 3935
48440 3936
48450 3936
48460 3938
48470 3939
48480 3941
48490 3942
48500 3943
48510 3944
48520 3944
48530 3946
48540 3946
48550 3946
48560 3948
48570 3948
48580 3949
48590 3949
48600 3949
48610 3949
48620 3949
48630 3949
48640 3950
48650 3950
48660 3950
48670 3951
48680 3951
48690 3951
48700 3951
48710 3952
48720 3952
48730 3952
48740 3952
48750 3952
48760 3952
48770 3952
48780 3952
48790 3952
48800 3953
48810 3953
48820 3953
48830 3953
48840 3953
48850 3953
48860 3953
48870 3953
48880 3953
48890 3953
48900 3955
48910 3955
48920 3955
48930 3955
48940 3955
48950 3955
48960 3955
48970 3955
48980 3956
48990 3956
49000 3956
49010 3956
49020 3956
49030 3956
49040 3956
49050 3956
49060 3957
49070 3957
49080 3957
49090 3957
49100 3957
49110 3957
49120 3957
49130 3958
49140 3958
49150 3958
49160 3958
49170 3958
49180 3959
49190 3960
49200 3960
49210 3960
49220 3961
49230 3961
49240 3962
49250 3962
49260 3962
49270 3962
49280 3962
49290 3964
49300 3964
49310 3964
49320 3964
49330 3964
49340 3964
49350 3966
49360 3966
49370 3966
49380 3966
49390 3966
49400 3966
49410 3968
49420 3968
49430 3968
49440 3968
49450 3968
49460 3968
49470 3969
49480 3969
49490 3970
49500 3971
49510 3972
49520 3972
49530 3972
49540 3972
49550 3973
49560 3973
49570 3974
49580 3974
49590 3975
49600 3975
49610 3975
49620 3975
49630 3976
49640 3976
49650 3976
49660 3976
49670 3976
49680 3976
49690 3976
49700 3976
49710 3976
49720 3978
49730 3980
49740 3981
49750 3981
49760 3982
49770 3985
49780 3985
49790 3986
49800 3987
49810 3988
49820 3988
49830 3988
49840 3988
49850 3988
49860 3988
49870 3988
49880 3988
49890 3988
49900 3989
49910 3989
49920 3989
49930 3989
49940 3989
49950 3990
49960 3990
49970 3991
49980 3992
49990 3992
50000 3992
50010 3993
50020 3993
50030 3993
50040 3994
50050 3994
50060 3994
50070 3994
50080 3994
50090 3994
50100 3994
50110 3994
50120 3994
50130 3994
50140 3994
50150 3994
50160 3994
50170 3994
50180 3994
50190 3995
50200 3996
50210 3997
50220 3997
50230 3998
50240 3999
50250 3999
50260 3999
50270 3999
50280 3999
50290 3999
50300 3999
50310 3999
50320 3999
50330 4000
50340 4000
50350 4000
50360 4000
50370 4000
50380 4000
50390 4001
50400 4001
50410 4001
50420 4001
50430 4001
50440 4001
50450 4001
50460 4002
50470 4004
50480 4005
50490 4005
50500 4005
50510 4007
50520 4007
50530 4007
50540 4007
50550 4007
50560 4007
50570 4007
50580 4007
50590 4007
50600 4009
50610 4009
50620 4009
50630 4009
50640 4010
50650 4010
50660 4010
50670 4010
50680 4010
50690 4011
50700 4011
50710 4012
50720 4012
50730 4012
50740 4012
50750 4012
50760 4012
50770 4012
50780 4012
50790 4012
50800 4012
50810 4012
50820 4012
50830 4014
50840 4014
50850 4014
50860 4014
50870 4014
50880 4014
50890 4014
50900 4014
50910 4014
50920 4014
50930 4014
50940 4014
50950 4014
50960 4014
50970 4014
50980 4014
50990 4014
51000 4015
51010 4015
51020 4015
51030 4015
51040 4015
51050 4015
51060 4015
51070 4015
51080 4015
51090 4015
51100 4015
51110 4015
51120 4015
51130 4015
51140 4015
51150 4016
51160 4017
51170 4019
51180 4022
51190 4022
51200 4024
51210 4024
51220 4024
51230 4024
51240 4024
51250 4024
51260 4024
51270 4024
51280 4024
51290 4025
51300 4025
51310 4025
51320 4025
51330 4025
51340 4027
51350 4027
51360 4027
51370 4029
51380 4029
51390 4031
51400 4031
51410 4031
51420 4032
51430 4032
51440 4032
51450 4032
51460 4032
51470 4033
51480 4033
51490 4033
51500 4036
51510 4036
51520 4038
51530 4038
51540 4038
51550 4038
51560 4038
51570 4038
51580 4038
51590 4041
51600 4042
51610 4042
51620 4042
51630 4042
51640 4042
51650 4042
51660 4042
51670 4042
51680 4042
51690 4042
51700 4043
51710 4043
51720 4044
51730 4044
51740 4044
51750 4044
51760 4044
51770 4046
51780 4046
51790 4046
51800 4046
51810 4047
51820 4048
51830 4049
51840 4049
51850 4049
51860 4049
51870 4049
51880 4049
51890 4049
51900 4051
51910 4051
51920 4051
51930 4051
51940 4051
51950 4051
51960 4051
51970 4051
51980 4051
51990 4052
52000 4054
52010 4054
52020 4055
52030 4055
52040 4055
52050 4055
52060 4055
52070 4056
52080 4056
52090 4056
52100 4056
52110 4056
52120 4056
52130 4057
52140 4057
52150 4057
52160 4058
52170 4060
52180 4060
52190 4060
52200 4060
52210 4061
52220 4061
52230 4061
52240 4062
52250 4062
52260 4062
52270 4062
52280 4062
52290 4062
52300 4063
52310 4064
52320 4066
52330 4066
52340 4066
52350 4067
52360 4068
52370 4069
52380 4069
52390 4069
52400 4069
52410 4069
52420 4069
52430 4070
52440 4070
52450 4070
52460 4070
52470 4070
52480 4070
52490 4070
52500 4070
52510 4070
52520 4071
52530 4071
52540 4072
52550 4072
52560 4072
52570 4072
52580 4072
52590 4073
52600 4073
52610 4073
52620 4073
52630 4073
52640 4073
52650 4073
52660 4073
52670 4073
52680 4073
52690 4073
52700 4073
52710 4073
52720 4073
52730 4073
52740 4073
52750 4073
52760 4073
52770 4073
52780 4073
52790 4073
52800 4073
52810 4073
52820 4073
52830 4073
52840 4073
52850 4073
52860 4073
52870 4073
52880 4073
52890 4073
52900 4073
52910 4073
52920 4073
52930 4074
52940 4074
52950 4074
52960 4074
52970 4074
52980 4074
52990 4074
53000 4074
53010 4074
53020 4075
53030 4075
53040 4075
53050 4075
53060 4075
53070 4075
53080 4075
53090 4075
53100 4075
53110 4075
53120 4075
53130 4076
53140 4076
53150 4076
53160 4076
53170 4077
53180 4079
53190 4079
53200 4080
53210 4080
53220 4082
53230 4082
53240 4083
53250 4083
53260 4083
53270 4085
53280 4085
53290 4086
53300 4087
53310 4087
53320 4087
53330 4087
53340 4087
53350 4087
53360 4087
53370 4087
53380 4087
53390 4087
53400 4087
53410 4087
53420 4087
53430 4087
53440 4087
53450 4087
53460 4088
53470 4089
53480 4089
53490 4089
53500 4089
53510 4089
53520 4089
53530 4089
53540 4089
53550 4090
53560 4090
53570 4090
53580 4090
53590 4090
53600 4091
53610 4091
53620 4091
53630 4091
53640 4091
53650 4091
53660 4092
53670 4092
53680 4093
53690 4093
53700 4093
53710 4094
53720 4094
53730 4094
53740 4094
53750 4094
53760 4094
53770 4094
53780 4096
53790 4097
53800 4097
53810 4097
53820 4097
53830 4098
53840 4098
53850 4098
53860 4098
53870 4099
53880 4099
53890 4100
53900 4100
53910 4100
53920 4100
53930 4100
53940 4100
53950 4100
53960 4100
53970 4101
53980 4101
53990 4101
54000 4101
54010 4103
54020 4104
54030 4104
54040 4106
54050 4106
54060 4106
54070 4106
54080 4106
54090 4106
54100 4106
54110 4106
54120 4106
54130 4107
54140 4108
54150 4108
54160 4108
54170 4108
54180 4109
54190 4109
54200 4109
54210 4109
54220 4110
54230 4110
54240 4112
54250 4112
54260 4112
54270 4112
54280 4113
54290 4113
54300 4113
54310 4113
54320 4114
54330 4114
54340 4114
54350 4114
54360 4114
54370 4116
54380 4116
54390 4116
54400 4116
54410 4116
54420 4116
54430 4117
54440 4117
54450 4118
54460 4119
54470 4120
54480 4120
54490 4120
54500 4121
54510 4121
54520 4122
54530 4122
54540 4122
54550 4122
54560 4122
54570 4122
54580 4123
54590 4124
54600 4124
54610 4125
54620 4125
54630 4125
54640 4125
54650 4125
54660 4125
54670 4125
54680 4126
54690 4126
54700 4126
54710 4126
54720 4127
54730 4127
54740 4127
54750 4128
54760 4128
54770 4128
54780 4128
54790 4129
54800 4129
54810 4130
54820 4131
54830 4132
54840 4133
54850 4135
54860 4135
54870 4135
54880 4135
54890 4135
54900 4136
54910 4136
54920 4136
54930 4137
54940 4137
54950 4138
54960 4138
54970 4138
54980 4139
54990 4141
55000 4143
55010 4144
55020 4144
55030 4145
55040 4145
55050 4145
55060 4145
55070 4145
55080 4145
55090 4145
55100 4146
55110 4147
55120 4147
55130 4148
55140 4148
55150 4149
55160 4151
55170 4151
55180 4151
55190 4151
55200 4151
55210 4151
55220 4151
55230 4151
55240 4151
55250 4152
55260 4153
55270 4153
55280 4153
55290 4153
55300 4153
55310 4153
55320 4155
55330 4155
55340 4156
55350 4156
55360 4156
55370 4157
55380 4157
55390 4157
55400 4157
55410 4157
55420 4158
55430 4159
55440 4159
55450 4159
55460 4159
55470 4159
55480 4161
55490 4161
55500 4162
55510 4162
55520 4162
55530 4162
55540 4162
55550 4164
55560 4165
55570 4166
55580 4166
55590 4166
55600 4167
55610 4168
55620 4168
55630 4168
55640 4168
55650 4169
55660 4169
55670 4169
55680 4171
55690 4171
55700 4171
55710 4171
55720 4171
55730 4171
55740 4171
55750 4172
55760 4172
55770 4172
55780 4172
55790 4173
55800 4173
55810 4173
55820 4173
55830 4173
55840 4173
55850 4173
55860 4173
55870 4173
55880 4173
55890 4174
55900 4176
55910 4176
55920 4176
55930 4176
55940 4176
55950 4176
55960 4176
55970 4176
55980 4176
55990 4177
56000 4178
56010 4178
56020 4178
56030 4179
56040 4180
56050 4181
56060 4181
56070 4182
56080 4182
56090 4182
56100 4182
56110 4182
56120 4182
56130 4182
56140 4184
56150 4184
56160 4184
56170 4184
56180 4184
56190 4184
56200 4185
56210 4186
56220 4187
56230 4187
56240 4188
56250 4188
56260 4188
56270 4188
56280 4189
56290 4191
56300 4191
56310 4192
56320 4193
56330 4193
56340 4193
56350 4193
56360 4193
56370 4193
56380 4194
56390 4194
56400 4194
56410 4194
56420 4194
56430 4194
56440 4194
56450 4194
56460 4194
56470 4194
56480 4194
56490 4194
56500 4194
56510 4194
56520 4194
56530 4194
56540 4194
56550 4194
56560 4194
56570 4194
56580 4196
56590 4196
56600 4196
56610 4198
56620 4198
56630 4198
56640 4198
56650 4199
56660 4199
56670 4200
56680 4201
56690 4201
56700 4201
56710 4202
56720 4202
56730 4203
56740 4203
56750 4203
56760 4203
56770 4204
56780 4204
56790 4205
56800 4205
56810 4205
56820 4205
56830 4205
56840 4205
56850 4206
56860 4206
56870 4206
56880 4206
56890 4206
56900 4206
56910 4206
56920 4207
56930 4207
56940 4207
56950 4207
56960 4207
56970 4207
56980 4207
56990 4207
57000 4208
57010 4208
57020 4208
57030 4208
57040 4208
57050 4208
57060 4208
57070 4208
57080 4208
57090 4209
57100 4209
57110 4209
57120 4209
57130 4209
57140 4209
57150 4209
57160 4209
57170 4209
57180 4210
57190 4210
57200 4210
57210 4210
57220 4210
57230 4210
57240 4210
57250 4210
57260 4210
57270 4210
57280 4211
57290 4211
57300 4213
57310 4213
57320 4215
57330 4215
57340 4215
57350 4215
57360 4215
57370 4215
57380 4215
57390 4216
57400 4216
57410 4216
57420 4216
57430 4217
57440 4217
57450 4218
57460 4219
57470 4219
57480 4219
57490 4219
57500 4220
57510 4220
57520 4220
57530 4220
57540 4220
57550 4220
57560 4220
57570 4220
57580 4220
57590 4220
57600 4220
57610 4220
57620 4221
57630 4221
57640 4221
57650 4221
57660 4221
57670 4221
57680 4221
57690 4221
57700 4221
57710 4221
57720 4222
57730 4222
57740 4223
57750 4223
57760 4224
57770 4224
57780 4224
57790 4224
57800 4224
57810 4224
57820 4224
57830 4224
57840 4224
57850 4224
57860 4224
57870 4224
57880 4224
57890 4224
57900 4224
57910 4224
57920 4224
57930 4224
57940 4224
57950 4224
57960 4224
57970 4224
57980 4225
57990 4225
58000 4225
58010 4225
58020 4225
58030 4225
58040 4225
58050 4225
58060 4225
58070 4225
58080 4225
58090 4225
58100 4225
58110 4225
58120 4225
58130 4225
58140 4225
58150 4226
58160 4226
58170 4226
58180 4227
58190 4227
58200 4227
58210 4228
58220 4229
58230 4229
58240 4230
58250 4230
58260 4231
58270 4233
58280 4233
58290 4233
58300 4233
58310 4233
58320 4233
58330 4234
58340 4235
58350 4236
58360 4236
58370 4236
58380 4237
58390 4237
58400 4237
58410 4238
58420 4238
58430 4239
58440 4239
58450 4240
58460 4240
58470 4240
58480 4240
58490 4240
58500 4240
58510 4240
58520 4240
58530 4240
58540 4241
58550 4241
58560 4241
58570 4241
58580 4241
58590 4241
58600 4241
58610 4241
58620 4241
58630 4241
58640 4244
58650 4244
58660 4244
58670 4245
58680 4245
58690 4245
58700 4245
58710 4245
58720 4246
58730 4247
58740 4247
58750 4248
58760 4248
58770 4248
58780 4248
58790 4249
58800 4250
58810 4250
58820 4251
58830 4251
58840 4251
58850 4251
58860 4251
58870 4252
58880 4252
58890 4252
58900 4252
58910 4252
58920 4252
58930 4252
58940 4253
58950 4253
58960 4254
58970 4254
58980 4257
58990 4257
59000 4257
59010 4257
59020 4257
59030 4257
59040 4257
59050 4259
59060 4259
59070 4259
59080 4259
59090 4259
59100 4259
59110 4259
59120 4259
59130 4259
59140 4259
59150 4260
59160 4261
59170 4261
59180 4261
59190 4261
59200 4261
59210 4261
59220 4261
59230 4262
59240 4262
59250 4262
59260 4262
59270 4263
59280 4263
59290 4263
59300 4263
59310 4263
59320 4263
59330 4263
59340 4263
59350 4264
59360 4265
59370 4265
59380 4265
59390 4266
59400 4266
59410 4268
59420 4268
59430 4268
59440 4268
59450 4268
59460 4268
59470 4268
59480 4268
59490 4268
59500 4269
59510 4269
59520 4269
59530 4270
59540 4270
59550 4270
59560 4270
59570 4270
59580 4270
59590 4270
59600 4270
59610 4270
59620 4272
59630 4273
59640 4273
59650 4273
59660 4273
59670 4273
59680 4273
59690 4273
59700 4273
59710 4274
59720 4274
59730 4274
59740 4274
59750 4274
59760 4275
59770 4275
59780 4275
59790 4275
59800 4275
59810 4275
59820 4275
59830 4275
59840 4275
59850 4276
59860 4279
59870 4279
59880 4279
59890 4281
59900 4281
59910 4283
59920 4283
59930 4283
59940 4283
59950 4283
59960 4283
59970 4283
59980 4283
59990 4284
60000 4284
60010 4284
60020 4284
60030 4284
60040 4284
60050 4284
60060 4286
60070 4286
60080 4286
60090 4286
60100 4287
60110 4287
60120 4287
60130 4287
60140 4289
60150 4290
60160 4290
60170 4290
60180 4290
60190 4290
60200 4290
60210 4290
60220 4290
60230 4290
60240 4290
60250 4290
60260 4290
60270 4290
60280 4290
60290 4291
60300 4291
60310 4291
60320 4292
60330 4292
60340 4292
60350 4293
60360 4293
60370 4293
60380 4293
60390 4294
60400 4294
60410 4294
60420 4294
60430 4294
60440 4294
60450 4294
60460 4294
60470 4296
60480 4296
60490 4296
60500 4296
60510 4296
60520 4296
60530 4296
60540 4296
60550 4296
60560 4296
60570 4296
60580 4296
60590 4296
60600 4296
60610 4296
60620 4296
60630 4296
60640 4296
60650 4298
60660 4300
60670 4302
60680 4302
60690 4303
60700 4303
60710 4303
60720 4303
60730 4303
60740 4303
60750 4304
60760 4304
60770 4304
60780 4304
60790 4305
60800 4307
60810 4308
60820 4308
60830 4308
60840 4308
60850 4308
60860 4308
60870 4308
60880 4308
60890 4308
60900 4308
60910 4308
60920 4308
60930 4308
60940 4308
60950 4308
60960 4308
60970 4308
60980 4308
60990 4308
61000 4310
61010 4311
61020 4312
61030 4313
61040 4313
61050 4313
61060 4313
61070 4313
61080 4314
61090 4314
61100 4315
61110 4315
61120 4315
61130 4315
61140 4315
61150 4315
61160 4315
61170 4315
61180 4315
61190 4315
61200 4315
61210 4315
61220 4316
61230 4316
61240 4316
61250 4317
61260 4317
61270 4317
61280 4317
61290 4317
61300 4317
61310 4317
61320 4317
61330 4317
61340 4317
61350 4318
61360 4318
61370 4319
61380 4319
61390 4319
61400 4319
61410 4319
61420 4319
61430 4319
61440 4319
61450 4320
61460 4320
61470 4320
61480 4320
61490 4320
61500 4320
61510 4320
61520 4320
61530 4321
61540 4322
61550 4323
61560 4323
61570 4323
61580 4323
61590 4324
61600 4325
61610 4325
61620 4325
61630 4326
61640 4326
61650 4326
61660 4326
61670 4326
61680 4326
61690 4326
61700 4326
61710 4326
61720 4326
61730 4326
61740 4326
61750 4326
61760 4327
61770 4327
61780 4327
61790 4328
61800 4328
61810 4328
61820 4329
61830 4329
61840 4329
61850 4329
61860 4330
61870 4330
61880 4331
61890 4332
61900 4333
61910 4334
61920 4334
61930 4334
61940 4334
61950 4335
61960 4335
61970 4335
61980 4335
61990 4335
62000 4335
62010 4335
62020 4335
62030 4335
62040 4336
62050 4336
62060 4337
62070 4337
62080 4337
62090 4337
62100 4337
62110 4339
62120 4342
62130 4342
62140 4342
62150 4343
62160 4343
62170 4343
62180 4344
62190 4344
62200 4344
62210 4345
62220 4346
62230 4347
62240 4349
62250 4349
62260 4350
62270 4351
62280 4352
62290 4352
62300 4352
62310 4352
62320 4354
62330 4355
62340 4356
62350 4357
62360 4357
62370 4358
62380 4358
62390 4358
62400 4358
62410 4358
62420 4360
62430 4360
62440 4361
62450 4361
62460 4361
62470 4361
62480 4361
62490 4363
62500 4363
62510 4363
62520 4363
62530 4363
62540 4363
62550 4363
62560 4363
62570 4363
62580 4364
62590 4364
62600 4366
62610 4367
62620 4368
62630 4369
62640 4369
62650 4369
62660 4369
62670 4369
62680 4369
62690 4369
62700 4369
62710 4370
62720 4370
62730 4370
62740 4370
62750 4371
62760 4371
62770 4371
62780 4371
62790 4371
62800 4371
62810 4371
62820 4371
62830 4371
62840 4371
62850 4371
62860 4371
62870 4371
62880 4371
62890 4371
62900 4371
62910 4372
62920 4372
62930 4372
62940 4372
62950 4373
62960 4374
62970 4375
62980 4375
62990 4375
63000 4375
63010 4376
63020 4376
63030 4376
63040 4377
63050 4377
63060 4377
63070 4377
63080 4378
63090 4380
63100 4380
63110 4380
63120 4380
63130 4380
63140 4380
63150 4381
63160 4381
63170 4381
63180 4381
63190 4381
63200 4381
63210 4381
63220 4381
63230 4381
63240 4381
63250 4381
63260 4381
63270 4381
63280 4381
63290 4381
63300 4381
63310 4381
63320 4381
63330 4381
63340 4381
63350 4381
63360 4381
63370 4381
63380 4381
63390 4381
63400 4381
63410 4381
63420 4382
63430 4382
63440 4382
63450 4382
63460 4382
63470 4383
63480 4383
63490 4383
63500 4384
63510 4384
63520 4384
63530 4384
63540 4384
63550 4384
63560 4384
63570 4384
63580 4384
63590 4384
63600 4384
63610 4384
63620 4384
63630 4384
63640 4384
63650 4384
63660 4384
63670 4384
63680 4384
63690 4384
63700 4384
63710 4384
63720 4384
63730 4384
63740 4384
63750 4384
63760 4384
63770 4384
63780 4384
63790 4384
63800 4385
63810 4385
63820 4385
63830 4385
63840 4385
63850 4385
63860 4385
63870 4385
63880 4385
63890 4385
63900 4385
63910 4385
63920 4385
63930 4385
63940 4385
63950 4385
63960 4385
63970 4385
63980 4385
63990 4385
64000 4385
64010 4386
64020 4388
64030 4388
64040 4388
64050 4388
64060 4389
64070 4389
64080 4389
64090 4389
64100 4389
64110 4389
64120 4391
64130 4391
64140 4391
64150 4391
64160 4391
64170 4391
64180 4391
64190 4391
64200 4391
64210 4391
64220 4391
64230 4391
64240 4391
64250 4391
64260 4391
64270 4391
64280 4391
64290 4391
64300 4391
64310 4391
64320 4392
64330 4392
64340 4393
64350 4393
64360 4394
64370 4394
64380 4394
64390 4394
64400 4394
64410 4395
64420 4395
64430 4395
64440 4395
64450 4396
64460 4398
64470 4398
64480 4398
64490 4398
64500 4398
64510 4398
64520 4399
64530 4399
64540 4399
64550 4401
64560 4401
64570 4401
64580 4401
64590 4401
64600 4401
64610 4402
64620 4402
64630 4402
64640 4402
64650 4402
64660 4402
64670 4402
64680 4402
64690 4402
64700 4402
64710 4402
64720 4402
64730 4402
64740 4402
64750 4402
64760 4402
64770 4402
64780 4402
64790 4402
64800 4402
64810 4402
64820 4403
64830 4403
64840 4404
64850 4404
64860 4405
64870 4405
64880 4405
64890 4405
64900 4405
64910 4405
64920 4406
64930 4406
64940 4406
64950 4406
64960 4406
64970 4406
64980 4406
64990 4406
65000 4407
65010 4407
65020 4407
65030 4407
65040 4407
65050 4407
65060 4407
65070 4407
65080 4407
65090 4407
65100 4409
65110 4409
65120 4410
65130 4411
65140 4412
65150 4412
65160 4413
65170 4413
65180 4413
65190 4413
65200 4413
65210 4413
65220 4413
65230 4413
65240 4413
65250 4413
65260 4415
65270 4415
65280 4415
65290 4415
65300 4415
65310 4415
65320 4415
65330 4415
65340 4415
65350 4415
65360 4415
65370 4415
65380 4415
65390 4415
65400 4415
65410 4415
65420 4415
65430 4415
65440 4415
65450 4416
65460 4416
65470 4416
65480 4416
65490 4417
65500 4417
65510 4417
65520 4417
65530 4417
65540 4417
65550 4417
65560 4417
65570 4417
65580 4417
65590 4417
65600 4417
65610 4418
65620 4418
65630 4418
65640 4418
65650 4418
65660 4418
65670 4418
65680 4418
65690 4418
65700 4418
65710 4418
65720 4418
65730 4418
65740 4418
65750 4418
65760 4419
65770 4419
65780 4419
65790 4420
65800 4421
65810 4421
65820 4421
65830 4421
65840 4421
65850 4421
65860 4422
65870 4422
65880 4422
65890 4422
65900 4422
65910 4422
65920 4422
65930 4422
65940 4422
65950 4422
65960 4422
65970 4422
65980 4422
65990 4422
66000 4422
66010 4422
66020 4422
66030 4422
66040 4422
66050 4422
66060 4422
66070 4422
66080 4422
66090 4422
66100 4422
66110 4422
66120 4422
66130 4422
66140 4423
66150 4423
66160 4423
66170 4423
66180 4424
66190 4424
66200 4425
66210 4427
66220 4427
66230 4427
66240 4427
66250 4428
66260 4428
66270 4428
66280 4430
66290 4432
66300 4436
66310 4436
66320 4436
66330 4436
66340 4436
66350 4436
66360 4436
66370 4438
66380 4438
66390 4438
66400 4438
66410 4438
66420 4438
66430 4438
66440 4438
66450 4439
66460 4439
66470 4439
66480 4439
66490 4439
66500 4439
66510 4439
66520 4439
66530 4439
66540 4439
66550 4439
66560 4440
66570 4440
66580 4440
66590 4440
66600 4440
66610 4440
66620 4440
66630 4440
66640 4440
66650 4441
66660 4441
66670 4442
66680 4442
66690 4442
66700 4442
66710 4443
66720 4443
66730 4443
66740 4443
66750 4443
66760 4443
66770 4443
66780 4443
66790 4444
66800 4444
66810 4444
66820 4444
66830 4444
66840 4446
66850 4446
66860 4447
66870 4447
66880 4447
66890 4447
66900 4447
66910 4447
66920 4447
66930 4448
66940 4449
66950 4449
66960 4449
66970 4449
66980 4449
66990 4449
67000 4450
67010 4450
67020 4450
67030 4450
67040 4450
67050 4450
67060 4450
67070 4451
67080 4452
67090 4452
67100 4452
67110 4455
67120 4456
67130 4457
67140 4458
67150 4461
67160 4462
67170 4468
67180 4471
67190 4473
67200 4473
67210 4473
67220 4474
67230 4476
67240 4479
67250 4481
67260 4482
67270 4483
67280 4484
67290 4484
67300 4484
67310 4485
67320 4486
67330 4488
67340 4490
67350 4491
67360 4496
67370 4499
67380 4500
67390 4500
67400 4500
67410 4500
67420 4501
67430 4501
67440 4501
67450 4501
67460 4501
67470 4501
67480 4501
67490 4501
67500 4502
67510 4502
67520 4502
67530 4503
67540 4503
67550 4503
67560 4503
67570 4503
67580 4503
67590 4504
67600 4505
67610 4505
67620 4505
67630 4505
67640 4505
67650 4505
67660 4506
67670 4506
67680 4506
67690 4507
67700 4507
67710 4508
67720 4508
67730 4508
67740 4509
67750 4509
67760 4509
67770 4509
67780 4510
67790 4510
67800 4510
67810 4510
67820 4510
67830 4510
67840 4510
67850 4510
67860 4510
67870 4511
67880 4512
67890 4512
67900 4512
67910 4513
67920 4513
67930 4513
67940 4513
67950 4515
67960 4517
67970 4517
67980 4517
67990 4519
68000 4522
68010 4522
68020 4523
68030 4523
68040 4523
68050 4524
68060 4524
68070 4525
68080 4525
68090 4526
68100 4526
68110 4527
68120 4527
68130 4527
68140 4527
68150 4529
68160 4530
68170 4533
68180 4533
68190 4533
68200 4533
68210 4534
68220 4534
68230 4536
68240 4536
68250 4536
68260 4536
68270 4536
68280 4536
68290 4536
68300 4536
68310 4536
68320 4536
68330 4537
68340 4537
68350 4538
68360 4538
68370 4538
68380 4538
68390 4538
68400 4538
68410 4538
68420 4538
68430 4538
68440 4538
68450 4538
68460 4538
68470 4538
68480 4538
68490 4539
68500 4539
68510 4539
68520 4539
68530 4540
68540 4540
68550 4540
68560 4541
68570 4541
68580 4542
68590 4542
68600 4542
68610 4542
68620 4542
68630 4542
68640 4542
68650 4543
68660 4543
68670 4544
68680 4545
68690 4545
68700 4545
68710 4546
68720 4547
68730 4547
68740 4547
68750 4547
68760 4547
68770 4547
68780 4547
68790 4547
68800 4548
68810 4548
68820 4548
68830 4548
68840 4549
68850 4551
68860 4551
68870 4551
68880 4552
68890 4553
68900 4553
68910 4554
68920 4555
68930 4555
68940 4556
68950 4556
68960 4556
68970 4556
68980 4556
68990 4556
69000 4556
69010 4556
69020 4556
69030 4557
69040 4557
69050 4558
69060 4558
69070 4558
69080 4558
69090 4558
69100 4559
69110 4561
69120 4561
69130 4562
69140 4562
69150 4563
69160 4563
69170 4563
69180 4564
69190 4564
69200 4565
69210 4565
69220 4566
69230 4566
69240 4566
69250 4566
69260 4566
69270 4566
69280 4568
69290 4568
69300 4568
69310 4568
69320 4569
69330 4570
69340 4570
69350 4570
69360 4570
69370 4571
69380 4572
69390 4572
69400 4572
69410 4572
69420 4572
69430 4572
69440 4573
69450 4573
69460 4573
69470 4574
69480 4574
69490 4574
69500 4574
69510 4574
69520 4574
69530 4574
69540 4574
69550 4574
69560 4574
69570 4574
69580 4574
69590 4575
69600 4575
69610 4576
69620 4577
69630 4577
69640 4577
69650 4577
69660 4577
69670 4577
69680 4578
69690 4579
69700 4580
69710 4580
69720 4581
69730 4581
69740 4581
69750 4581
69760 4581
69770 4582
69780 4582
69790 4583
69800 4585
69810 4585
69820 4585
69830 4585
69840 4585
69850 4585
69860 4585
69870 4585
69880 4586
69890 4586
69900 4586
69910 4586
69920 4586
69930 4588
69940 4588
69950 4588
69960 4588
69970 4590
69980 4591
69990 4591
70000 4592
70010 4594
70020 4594
70030 4594
70040 4594
70050 4594
70060 4594
70070 4594
70080 4594
70090 4596
70100 4596
70110 4597
70120 4597
70130 4597
70140 4597
70150 4597
70160 4597
70170 4598
70180 4598
70190 4598
70200 4599
70210 4601
70220 4602
70230 4603
70240 4605
70250 4605
70260 4605
70270 4605
70280 4606
70290 4608
70300 4608
70310 4608
70320 4608
70330 4608
70340 4608
70350 4608
70360 4608
70370 4608
70380 4611
70390 4611
70400 4611
70410 4611
70420 4611
70430 4611
70440 4611
70450 4611
70460 4611
70470 4611
70480 4611
70490 4611
70500 4611
70510 4611
70520 4611
70530 4611
70540 4611
70550 4611
70560 4612
70570 4612
70580 4612
70590 4613
70600 4613
70610 4613
70620 4613
70630 4613
70640 4613
70650 4613
70660 4614
70670 4615
70680 4617
70690 4619
70700 4620
70710 4620
70720 4620
70730 4620
70740 4620
70750 4624
70760 4625
70770 4625
70780 4625
70790 4626
70800 4626
70810 4627
70820 4627
70830 4627
70840 4627
70850 4627
70860 4627
70870 4627
70880 4628
70890 4628
70900 4629
70910 4629
70920 4629
70930 4629
70940 4629
70950 4629
70960 4629
70970 4629
70980 4629
70990 4630
71000 4631
71010 4631
71020 4631
71030 4631
71040 4631
71050 4631
71060 4631
71070 4631
71080 4631
71090 4631
71100 4631
71110 4631
71120 4631
71130 4631
71140 4631
71150 4631
71160 4631
71170 4631
71180 4631
71190 4631
71200 4631
71210 4631
71220 4631
71230 4632
71240 4632
71250 4632
71260 4633
71270 4633
71280 4633
71290 4633
71300 4633
71310 4633
71320 4634
71330 4634
71340 4634
71350 4634
71360 4634
71370 4634
71380 4634
71390 4634
71400 4634
71410 4635
71420 4636
71430 4636
71440 4636
71450 4637
71460 4637
71470 4638
71480 4639
71490 4639
71500 4639
71510 4639
71520 4640
71530 4640
71540 4640
71550 4640
71560 4640
71570 4640
71580 4640
71590 4640
71600 4640
71610 4640
71620 4640
71630 4640
71640 4641
71650 4641
71660 4641
71670 4642
71680 4642
71690 4642
71700 4642
71710 4642
71720 4642
71730 4642
71740 4642
71750 4643
71760 4643
71770 4643
71780 4643
71790 4644
71800 4644
71810 4645
71820 4645
71830 4646
71840 4646
71850 4646
71860 4647
71870 4647
71880 4647
71890 4648
71900 4648
71910 4648
71920 4648
71930 4649
71940 4649
71950 4649
71960 4649
71970 4649
71980 4649
71990 4649
72000 4649
72010 4649
72020 4649
72030 4649
72040 4649
72050 4649
72060 4649
72070 4649
72080 4651
72090 4651
72100 4651
72110 4652
72120 4652
72130 4652
72140 4652
72150 4652
72160 4652
72170 4652
72180 4652
72190 4652
72200 4652
72210 4652
72220 4652
72230 4653
72240 4653
72250 4653
72260 4654
72270 4655
72280 4655
72290 4655
72300 4655
72310 4655
72320 4655
72330 4655
72340 4655
72350 4657
72360 4657
72370 4657
72380 4657
72390 4658
72400 4658
72410 4658
72420 4658
72430 4658
72440 4659
72450 4659
72460 4659
72470 4659
72480 4659
72490 4660
72500 4661
72510 4662
72520 4662
72530 4662
72540 4663
72550 4663
72560 4663
72570 4663
72580 4663
72590 4663
72600 4663
72610 4664
72620 4665
72630 4666
72640 4666
72650 4667
72660 4667
72670 4667
72680 4667
72690 4667
72700 4668
72710 4669
72720 4670
72730 4670
72740 4672
72750 4672
72760 4672
72770 4672
72780 4672
72790 4672
72800 4672
72810 4672
72820 4672
72830 4672
72840 4672
72850 4672
72860 4672
72870 4672
72880 4673
72890 4673
72900 4674
72910 4676
72920 4676
72930 4676
72940 4676
72950 4676
72960 4676
72970 4676
72980 4676
72990 4676
73000 4676
73010 4677
73020 4677
73030 4677
73040 4677
73050 4677
73060 4677
73070 4678
73080 4678
73090 4678
73100 4679
73110 4680
73120 4680
73130 4680
73140 4680
73150 4680
73160 4680
73170 4680
73180 4680
73190 4682
73200 4682
73210 4682
73220 4682
73230 4683
73240 4683
73250 4683
73260 4684
73270 4684
73280 4686
73290 4686
73300 4688
73310 4689
73320 4689
73330 4689
73340 4689
73350 4689
73360 4690
73370 4690
73380 4691
73390 4691
73400 4691
73410 4692
73420 4692
73430 4693
73440 4693
73450 4694
73460 4694
73470 4694
73480 4697
73490 4697
73500 4697
73510 4697
73520 4697
73530 4697
73540 4697
73550 4698
73560 4698
73570 4698
73580 4698
73590 4698
73600 4698
73610 4698
73620 4698
73630 4698
73640 4698
73650 4698
73660 4698
73670 4699
73680 4699
73690 4699
73700 4700
73710 4700
73720 4700
73730 4701
73740 4701
73750 4702
73760 4702
73770 4702
73780 4702
73790 4703
73800 4703
73810 4703
73820 4703
73830 4703
73840 4703
73850 4703
73860 4705
73870 4705
73880 4706
73890 4706
73900 4706
73910 4707
73920 4707
73930 4707
73940 4707
73950 4709
73960 4709
73970 4709
73980 4709
73990 4709
74000 4710
74010 4710
74020 4710
74030 4710
74040 4710
74050 4710
74060 4710
74070 4710
74080 4710
74090 4711
74100 4711
74110 4711
74120 4712
74130 4712
74140 4712
74150 4712
74160 4713
74170 4713
74180 4713
74190 4713
74200 4713
74210 4713
74220 4713
74230 4714
74240 4714
74250 4714
74260 4714
74270 4714
74280 4714
74290 4714
74300 4714
74310 4714
74320 4714
74330 4714
74340 4714
74350 4714
74360 4714
74370 4714
74380 4714
74390 4715
74400 4715
74410 4716
74420 4717
74430 4717
74440 4717
74450 4717
74460 4717
74470 4717
74480 4717
74490 4717
74500 4717
74510 4719
74520 4719
74530 4719
74540 4719
74550 4719
74560 4719
74570 4719
74580 4720
74590 4720
74600 4720
74610 4720
74620 4720
74630 4721
74640 4721
74650 4721
74660 4721
74670 4722
74680 4722
74690 4723
74700 4723
74710 4723
74720 4723
74730 4723
74740 4723
74750 4724
74760 4724
74770 4724
74780 4724
74790 4724
74800 4724
74810 4725
74820 4725
74830 4725
74840 4726
74850 4726
74860 4726
74870 4728
74880 4728
74890 4728
74900 4729
74910 4729
74920 4729
74930 4729
74940 4729
74950 4729
74960 4730
74970 4730
74980 4730
74990 4730
75000 4731
75010 4732
75020 4732
75030 4732
75040 4732
75050 4733
75060 4733
75070 4733
75080 4733
75090 4733
75100 4733
75110 4733
75120 4733
75130 4733
75140 4733
75150 4733
75160 4733
75170 4733
75180 4733
75190 4735
75200 4735
75210 4736
75220 4736
75230 4736
75240 4736
75250 4736
75260 4736
75270 4737
75280 4737
75290 4737
75300 4737
75310 4737
75320 4737
75330 4737
75340 4737
75350 4737
75360 4738
75370 4738
75380 4739
75390 4739
75400 4739
75410 4739
75420 4740
75430 4740
75440 4740
75450 4740
75460 4740
75470 4740
75480 4740
75490 4740
75500 4740
75510 4740
75520 4740
75530 4740
75540 4740
75550 4740
75560 4740
75570 4740
75580 4741
75590 4741
75600 4741
75610 4741
75620 4741
75630 4741
75640 4741
75650 4741
75660 4741
75670 4741
75680 4741
75690 4741
75700 4741
75710 4742
75720 4743
75730 4746
75740 4746
75750 4746
75760 4746
75770 4746
75780 4746
75790 4746
75800 4746
75810 4746
75820 4746
75830 4746
75840 4746
75850 4746
75860 4746
75870 4746
75880 4746
75890 4746
75900 4746
75910 4747
75920 4747
75930 4747
75940 4747
75950 4748
75960 4748
75970 4748
75980 4748
75990 4749
76000 4749
76010 4750
76020 4751
76030 4751
76040 4751
76050 4752
76060 4753
76070 4753
76080 4753
76090 4753
76100 4753
76110 4753
76120 4754
76130 4754
76140 4754
76150 4754
76160 4755
76170 4756
76180 4756
76190 4756
76200 4756
76210 4756
76220 4756
76230 4756
76240 4756
76250 4756
76260 4756
76270 4756
76280 4756
76290 4757
76300 4757
76310 4757
76320 4757
76330 4757
76340 4757
76350 4758
76360 4759
76370 4759
76380 4759
76390 4759
76400 4759
76410 4759
76420 4762
76430 4762
76440 4763
76450 4764
76460 4764
76470 4764
76480 4764
76490 4764
76500 4765
76510 4766
76520 4766
76530 4767
76540 4768
76550 4768
76560 4769
76570 4769
76580 4769
76590 4769
76600 4769
76610 4769
76620 4770
76630 4771
76640 4772
76650 4772
76660 4772
76670 4772
76680 4772
76690 4772
76700 4773
76710 4774
76720 4775
76730 4776
76740 4776
76750 4776
76760 4776
76770 4778
76780 4781
76790 4782
76800 4783
76810 4783
76820 4783
76830 4784
76840 4784
76850 4786
76860 4786
76870 4786
76880 4786
76890 4787
76900 4787
76910 4787
76920 4788
76930 4788
76940 4788
76950 4788
76960 4788
76970 4788
76980 4788
76990 4788
77000 4788
77010 4788
77020 4788
77030 4788
77040 4788
77050 4789
77060 4790
77070 4790
77080 4790
77090 4792
77100 4792
77110 4792
77120 4793
77130 4793
77140 4795
77150 4795
77160 4795
77170 4795
77180 4795
77190 4795
77200 4795
77210 4795
77220 4795
77230 4795
77240 4795
77250 4795
77260 4796
77270 4796
77280 4796
77290 4796
77300 4796
77310 4798
77320 4798
77330 4798
77340 4798
77350 4798
77360 4798
77370 4798
77380 4800
77390 4800
77400 4800
77410 4800
77420 4800
77430 4800
77440 4801
77450 4801
77460 4801
77470 4801
77480 4801
77490 4801
77500 4801
77510 4801
77520 4802
77530 4802
77540 4802
77550 4802
77560 4802
77570 4802
77580 4803
77590 4804
77600 4805
77610 4805
77620 4805
77630 4805
77640 4805
77650 4806
77660 4806
77670 4807
77680 4808
77690 4808
77700 4809
77710 4809
77720 4809
77730 4809
77740 4809
77750 4810
77760 4810
77770 4810
77780 4810
77790 4810
77800 4810
77810 4810
77820 4811
77830 4812
77840 4814
77850 4815
77860 4815
77870 4816
77880 4818
77890 4818
77900 4818
77910 4818
77920 4818
77930 4819
77940 4820
77950 4821
77960 4821
77970 4821
77980 4821
77990 4821
78000 4822
78010 4822
78020 4822
78030 4824
78040 4824
78050 4825
78060 4826
78070 4826
78080 4826
78090 4826
78100 4826
78110 4827
78120 4828
78130 4828
78140 4828
78150 4829
78160 4829
78170 4830
78180 4831
78190 4831
78200 4831
78210 4831
78220 4832
78230 4832
78240 4832
78250 4832
78260 4832
78270 4832
78280 4832
78290 4832
78300 4832
78310 4832
78320 4832
78330 4832
78340 4833
78350 4833
78360 4833
78370 4833
78380 4833
78390 4833
78400 4834
78410 4834
78420 4835
78430 4836
78440 4837
78450 4837
78460 4837
78470 4838
78480 4840
78490 4840
78500 4841
78510 4841
78520 4842
78530 4842
78540 4842
78550 4843
78560 4843
78570 4843
78580 4843
78590 4843
78600 4843
78610 4844
78620 4844
78630 4844
78640 4845
78650 4845
78660 4845
78670 4846
78680 4846
78690 4846
78700 4848
78710 4848
78720 4848
78730 4848
78740 4848
78750 4848
78760 4848
78770 4848
78780 4849
78790 4849
78800 4850
78810 4850
78820 4851
78830 4851
78840 4851
78850 4851
78860 4852
78870 4852
78880 4852
78890 4852
78900 4853
78910 4854
78920 4855
78930 4855
78940 4855
78950 4855
78960 4855
78970 4855
78980 4855
78990 4855
79000 4856
79010 4856
79020 4857
79030 4857
79040 4857
79050 4857
79060 4858
79070 4858
79080 4858
79090 4858
79100 4858
79110 4858
79120 4858
79130 4858
79140 4858
79150 4858
79160 4858
79170 4858
79180 4858
79190 4860
79200 4860
79210 4860
79220 4860
79230 4860
79240 4860
79250 4860
79260 4860
79270 4862
79280 4862
79290 4862
79300 4862
79310 4863
79320 4863
79330 4863
79340 4863
79350 4863
79360 4863
79370 4863
79380 4864
79390 4865
79400 4865
79410 4865
79420 4866
79430 4866
79440 4867
79450 4867
79460 4867
79470 4867
79480 4867
79490 4867
79500 4867
79510 4868
79520 4868
79530 4868
79540 4868
79550 4868
79560 4868
79570 4869
79580 4870
79590 4870
79600 4870
79610 4870
79620 4870
79630 4871
79640 4871
79650 4872
79660 4872
79670 4873
79680 4873
79690 4873
79700 4874
79710 4874
79720 4874
79730 4874
79740 4874
79750 4875
79760 4875
79770 4876
79780 4876
79790 4877
79800 4877
79810 4879
79820 4879
79830 4879
79840 4879
79850 4879
79860 4880
79870 4880
79880 4881
79890 4882
79900 4882
79910 4882
79920 4882
79930 4882
79940 4882
79950 4882
79960 4882
79970 4882
79980 4884
79990 4884
80000 4884
80010 4884
80020 4884
80030 4884
80040 4884
80050 4884
80060 4884
80070 4884
80080 4884
80090 4884
80100 4884
80110 4884
80120 4884
80130 4884
80140 4884
80150 4884
80160 4885
80170 4885
80180 4887
80190 4887
80200 4887
80210 4887
80220 4887
80230 4887
80240 4888
80250 4889
80260 4890
80270 4890
80280 4890
80290 4890
80300 4890
80310 4890
80320 4891
80330 4891
80340 4892
80350 4892
80360 4892
80370 4892
80380 4892
80390 4892
80400 4892
80410 4892
80420 4892
80430 4892
80440 4892
80450 4892
80460 4893
80470 4893
80480 4894
80490 4895
80500 4895
80510 4895
80520 4895
80530 4895
80540 4895
80550 4895
80560 4895
80570 4895
80580 4896
80590 4896
80600 4896
80610 4896
80620 4896
80630 4897
80640 4898
80650 4898
80660 4899
80670 4899
80680 4899
80690 4899
80700 4899
80710 4899
80720 4899
80730 4899
80740 4899
80750 4899
80760 4900
80770 4900
80780 4901
80790 4901
80800 4901
80810 4901
80820 4901
80830 4901
80840 4901
80850 4903
80860 4904
80870 4904
80880 4904
80890 4904
80900 4905
80910 4905
80920 4905
80930 4906
80940 4906
80950 4907
80960 4907
80970 4908
80980 4909
80990 4909
81000 4909
81010 4909
81020 4910
81030 4910
81040 4910
81050 4910
81060 4910
81070 4910
81080 4910
81090 4910
81100 4911
81110 4911
81120 4911
81130 4911
81140 4911
81150 4911
81160 4911
81170 4911
81180 4911
81190 4911
81200 4911
81210 4911
81220 4912
81230 4913
81240 4913
81250 4913
81260 4914
81270 4915
81280 4915
81290 4915
81300 4915
81310 4916
81320 4917
81330 4917
81340 4917
81350 4917
81360 4917
81370 4917
81380 4917
81390 4917
81400 4917
81410 4917
81420 4917
81430 4917
81440 4918
81450 4918
81460 4918
81470 4918
81480 4918
81490 4918
81500 4918
81510 4918
81520 4918
81530 4918
81540 4918
81550 4918
81560 4918
81570 4918
81580 4918
81590 4919
81600 4919
81610 4919
81620 4919
81630 4919
81640 4919
81650 4919
81660 4919
81670 4919
81680 4919
81690 4919
81700 4919
81710 4919
81720 4919
81730 4919
81740 4921
81750 4922
81760 4923
81770 4923
81780 4924
81790 4924
81800 4924
81810 4924
81820 4924
81830 4925
81840 4925
81850 4926
81860 4926
81870 4927
81880 4928
81890 4928
81900 4928
81910 4928
81920 4928
81930 4928
81940 4928
81950 4928
81960 4928
81970 4928
81980 4928
81990 4928
82000 4928
82010 4928
82020 4928
82030 4928
82040 4928
82050 4928
82060 4929
82070 4930
82080 4930
82090 4930
82100 4930
82110 4930
82120 4930
82130 4930
82140 4930
82150 4931
82160 4932
82170 4933
82180 4933
82190 4933
82200 4933
82210 4933
82220 4933
82230 4933
82240 4933
82250 4933
82260 4933
82270 4934
82280 4934
82290 4934
82300 4934
82310 4934
82320 4934
82330 4934
82340 4934
82350 4934
82360 4934
82370 4934
82380 4934
82390 4935
82400 4936
82410 4936
82420 4937
82430 4937
82440 4937
82450 4937
82460 4938
82470 4938
82480 4938
82490 4938
82500 4938
82510 4939
82520 4940
82530 4940
82540 4940
82550 4941
82560 4941
82570 4941
82580 4941
82590 4942
82600 4942
82610 4942
82620 4942
82630 4942
82640 4942
82650 4942
82660 4942
82670 4943
82680 4943
82690 4943
82700 4943
82710 4944
82720 4944
82730 4944
82740 4944
82750 4945
82760 4945
82770 4945
82780 4945
82790 4947
82800 4947
82810 4947
82820 4947
82830 4948
82840 4948
82850 4948
82860 4948
82870 4948
82880 4948
82890 4948
82900 4948
82910 4948
82920 4948
82930 4948
82940 4949
82950 4950
82960 4951
82970 4951
82980 4952
82990 4953
83000 4953
83010 4953
83020 4953
83030 4953
83040 4953
83050 4953
83060 4953
83070 4953
83080 4954
83090 4955
83100 4955
83110 4955
83120 4956
83130 4956
83140 4956
83150 4956
83160 4956
83170 4956
83180 4956
83190 4957
83200 4957
83210 4957
83220 4957
83230 4957
83240 4957
83250 4957
83260 4957
83270 4957
83280 4958
83290 4959
83300 4959
83310 4959
83320 4960
83330 4960
83340 4960
83350 4961
83360 4961
83370 4961
83380 4961
83390 4961
83400 4961
83410 4961
83420 4961
83430 4961
83440 4961
83450 4961
83460 4961
83470 4961
83480 4961
83490 4961
83500 4961
83510 4961
83520 4962
83530 4962
83540 4962
83550 4962
83560 4962
83570 4962
83580 4963
83590 4964
83600 4964
83610 4965
83620 4965
83630 4965
83640 4966
83650 4966
83660 4966
83670 4966
83680 4966
83690 4967
83700 4967
83710 4967
83720 4967
83730 4967
83740 4968
83750 4968
83760 4968
83770 4968
83780 4968
83790 4968
83800 4968
83810 4968
83820 4969
83830 4969
83840 4969
83850 4969
83860 4970
83870 4972
83880 4972
83890 4972
83900 4972
83910 4973
83920 4974
83930 4976
83940 4976
83950 4976
83960 4976
83970 4977
83980 4978
83990 4978
84000 4978
84010 4978
84020 4978
84030 4978
84040 4978
84050 4978
84060 4978
84070 4979
84080 4979
84090 4979
84100 4979
84110 4979
84120 4979
84130 4979
84140 4979
84150 4980
84160 4980
84170 4980
84180 4981
84190 4982
84200 4982
84210 4982
84220 4983
84230 4983
84240 4984
84250 4984
84260 4985
84270 4985
84280 4985
84290 4985
84300 4985
84310 4985
84320 4985
84330 4985
84340 4985
84350 4985
84360 4985
84370 4985
84380 4986
84390 4986
84400 4986
84410 4986
84420 4986
84430 4987
84440 4987
84450 4988
84460 4990
84470 4991
84480 4991
84490 4991
84500 4991
84510 4992
84520 4993
84530 4993
84540 4994
84550 4994
84560 4995
84570 4996
84580 4996
84590 4996
84600 4996
84610 4996
84620 4996
84630 4996
84640 4996
84650 4996
84660 4996
84670 4996
84680 4997
84690 4997
84700 4999
84710 4999
84720 4999
84730 4999
84740 4999
84750 4999
84760 4999
84770 5000
84780 5001
84790 5001
84800 5001
84810 5001
84820 5001
84830 5001
84840 5001
84850 5001
84860 5003
84870 5003
84880 5003
84890 5003
84900 5003
84910 5004
84920 5004
84930 5004
84940 5004
84950 5004
84960 5005
84970 5005
84980 5005
84990 5005
85000 5006
85010 5006
85020 5006
85030 5006
85040 5009
85050 5009
85060 5009
85070 5009
85080 5009
85090 5009
85100 5009
85110 5010
85120 5011
85130 5011
85140 5011
85150 5011
85160 5011
85170 5011
85180 5011
85190 5011
85197 5011
